1614647201.933341 0.071565 0.026660 -0.024696 -0.702130 0.711063 -0.020512 0.031339
1614647202.532184 0.048888 -0.048446 -0.040812 -0.702205 0.711040 -0.020177 0.030404
1614647203.032815 0.045047 -0.086318 -0.052036 -0.702234 0.711047 -0.019902 0.029734
1614647203.632239 0.047199 -0.101755 -0.059980 -0.702333 0.710994 -0.019630 0.028822
1614647204.132318 0.054141 -0.105339 -0.062579 -0.702387 0.710977 -0.019406 0.028066
1614647204.632904 0.067004 -0.106056 -0.062256 -0.702509 0.710852 -0.019768 0.027915
1614647205.232341 0.081981 -0.102455 -0.056093 -0.706721 0.706763 -0.018188 0.026464
1614647205.332078 0.085457 -0.101045 -0.055611 -0.705854 0.707419 -0.022131 0.028960
1614647205.432186 0.082844 -0.100648 -0.054334 -0.705825 0.707679 -0.018709 0.025527
1614647205.534244 0.079709 -0.097000 -0.053837 0.709182 -0.704472 0.013450 -0.024461
1614647205.632320 0.075169 -0.096109 -0.052970 0.710136 -0.703482 0.014737 -0.024529
1614647205.732639 0.074262 -0.097512 -0.052699 0.714852 -0.698285 0.023162 -0.029136
1614647205.832412 0.068817 -0.095742 -0.053213 0.714654 -0.698307 0.025954 -0.031044
1614647205.932127 0.059296 -0.093366 -0.054176 0.713934 -0.699277 0.022418 -0.028420
1614647206.032187 0.057810 -0.093675 -0.056760 0.714996 -0.697247 0.036904 -0.035582
1614647206.132375 0.060384 -0.096217 -0.062419 0.717913 -0.691886 0.062999 -0.043882
1614647206.231862 0.059223 -0.098159 -0.070646 0.713240 -0.694645 0.080351 -0.047960
1614647206.331679 0.056701 -0.098937 -0.084395 0.705690 -0.700701 0.089812 -0.054348
1614647206.431679 0.050260 -0.100939 -0.102363 -0.699468 0.708778 -0.080447 0.043671
1614647206.531811 0.044213 -0.103675 -0.121717 -0.696256 0.713953 -0.069820 0.025006
1614647206.633912 0.040550 -0.111431 -0.145317 -0.685885 0.722125 -0.088095 0.018314
1614647206.731940 0.032781 -0.122065 -0.176382 -0.671738 0.732141 -0.111231 0.019112
1614647206.832251 0.017349 -0.136166 -0.207416 -0.652682 0.743276 -0.145756 0.017391
1614647206.931750 -0.006643 -0.151333 -0.237814 -0.633611 0.757117 -0.157971 0.018873
1614647207.032266 -0.038291 -0.162891 -0.264386 -0.627404 0.769929 -0.115258 0.017018
1614647207.132436 -0.073047 -0.174554 -0.283305 -0.616878 0.782839 -0.078250 0.022368
1614647207.232823 -0.110566 -0.191776 -0.293313 -0.610393 0.786790 -0.090102 0.016260
1614647207.333142 -0.156616 -0.215520 -0.304809 -0.609674 0.785300 -0.107702 -0.001500
1614647207.433156 -0.207358 -0.233799 -0.324491 -0.606576 0.786746 -0.112986 -0.018177
1614647207.532224 -0.254934 -0.250610 -0.343554 -0.601107 0.788054 -0.131312 -0.019960
1614647207.631954 -0.294968 -0.263288 -0.366786 -0.597906 0.792550 -0.119580 -0.008592
1614647207.732333 -0.330315 -0.281154 -0.400062 -0.600414 0.793366 -0.100366 -0.000135
1614647207.832414 -0.357379 -0.303310 -0.441118 -0.615508 0.782391 -0.094939 -0.000912
1614647207.932441 -0.378933 -0.324621 -0.491812 -0.631506 0.768833 -0.099405 0.014666
1614647208.032148 -0.397689 -0.345709 -0.544186 -0.637863 0.763613 -0.097407 0.023179
1614647208.132207 -0.417215 -0.364660 -0.597613 -0.649610 0.755004 -0.085719 0.025049
1614647208.231641 -0.437602 -0.380834 -0.646015 -0.656463 0.750362 -0.069257 0.034885
1614647208.331587 -0.458597 -0.399176 -0.681535 -0.663222 0.745495 -0.051707 0.041228
1614647208.431954 -0.483368 -0.422511 -0.705186 -0.678146 0.732771 -0.045663 0.032858
1614647208.531711 -0.515192 -0.451207 -0.721443 -0.681357 0.729662 -0.051327 0.026671
1614647208.632246 -0.548222 -0.483221 -0.731564 -0.691022 0.719111 -0.061857 0.039275
1614647208.732169 -0.589363 -0.520628 -0.732939 0.706792 -0.702644 0.067452 -0.046763
1614647208.832203 -0.640593 -0.558381 -0.731339 0.722892 -0.686638 0.062115 -0.045793
1614647208.932050 -0.697778 -0.597704 -0.727087 0.735278 -0.673730 0.064726 -0.035566
1614647209.031681 -0.758092 -0.640163 -0.721268 0.743471 -0.665878 0.059708 -0.017106
1614647209.131637 -0.814709 -0.677892 -0.711004 0.756524 -0.651973 0.049714 -0.011476
1614647209.232185 -0.868575 -0.716992 -0.700510 0.775798 -0.629070 0.048533 -0.007251
1614647209.332002 -0.928880 -0.756849 -0.691753 0.791896 -0.609227 0.041743 -0.001118
1614647209.431999 -0.990599 -0.798096 -0.682670 0.806452 -0.589628 0.042647 -0.012497
1614647209.531897 -1.058726 -0.844243 -0.675459 0.820959 -0.568044 0.053446 -0.022284
1614647209.632055 -1.132278 -0.885679 -0.678060 0.833638 -0.547573 0.066355 -0.028448
1614647209.732285 -1.205247 -0.924365 -0.691534 0.850196 -0.520223 0.069836 -0.040702
1614647209.833147 -1.274428 -0.964914 -0.708698 0.872762 -0.481278 0.071405 -0.039490
1614647209.933269 -1.329252 -1.005984 -0.724853 0.901365 -0.424604 0.076515 -0.037400
1614647210.033491 -1.375250 -1.054643 -0.739760 0.930180 -0.357637 0.074784 -0.035604
1614647210.132543 -1.413831 -1.117680 -0.746759 0.948824 -0.304917 0.074960 -0.033766
1614647210.231529 -1.444023 -1.192720 -0.751057 0.959697 -0.265682 0.083041 -0.038710
1614647210.330941 -1.472505 -1.268676 -0.759516 0.970038 -0.224467 0.083617 -0.040602
1614647210.430974 -1.490724 -1.343503 -0.768737 0.979337 -0.177976 0.088819 -0.036543
1614647210.531489 -1.497678 -1.414629 -0.777667 0.987955 -0.118595 0.092162 -0.037236
1614647210.631559 -1.493977 -1.485360 -0.784253 0.993545 -0.066389 0.083573 -0.038421
1614647210.732062 -1.475992 -1.553064 -0.784943 0.996568 -0.007260 0.076332 -0.031206
1614647210.832578 -1.444919 -1.616783 -0.782119 0.995833 0.058856 0.064741 -0.025714
1614647210.933017 -1.400103 -1.679985 -0.770262 0.989479 0.128921 0.058572 -0.029659
1614647211.033199 -1.345141 -1.754169 -0.752528 0.979638 0.191303 0.051875 -0.031961
1614647211.132187 -1.279420 -1.836317 -0.741672 0.966023 0.254153 0.033779 -0.032633
1614647211.232176 -1.203224 -1.915750 -0.739517 0.945366 0.323581 0.014721 -0.036899
1614647211.331989 -1.115039 -1.991074 -0.736429 0.922181 0.384287 0.008653 -0.042794
1614647211.431739 -1.013895 -2.066213 -0.731226 0.899989 0.435128 0.005263 -0.025600
1614647211.531052 -0.904536 -2.139052 -0.712538 0.876269 0.481238 0.009268 -0.021809
1614647211.630641 -0.783851 -2.215918 -0.688070 0.858100 0.512850 0.002604 -0.025344
1614647211.730323 -0.648791 -2.293922 -0.670559 0.844104 0.534771 0.005314 -0.038486
1614647211.830267 -0.512924 -2.370533 -0.669710 0.833537 0.551328 0.011596 -0.033459
1614647211.933754 -0.380844 -2.444150 -0.680630 0.824986 0.563184 0.002859 -0.047056
1614647212.031126 -0.255941 -2.513993 -0.691777 0.821687 0.568438 -0.001126 -0.041323
1614647212.131861 -0.127407 -2.581752 -0.696404 0.816721 0.576055 -0.006029 -0.033030
1614647212.232328 0.002394 -2.648354 -0.689087 0.814474 0.578809 -0.012472 -0.038184
1614647212.334525 0.135985 -2.717631 -0.679642 0.809658 0.585234 -0.016656 -0.040962
1614647212.432975 0.258829 -2.781587 -0.683567 0.797525 0.601095 -0.030297 -0.041472
1614647212.533031 0.375754 -2.837578 -0.695379 0.785575 0.614854 -0.041050 -0.056052
1614647212.632680 0.491364 -2.893678 -0.705953 0.775264 0.629458 -0.032933 -0.040796
1614647212.732493 0.603790 -2.944024 -0.711307 0.763113 0.645132 -0.026983 -0.027129
1614647212.831771 0.719151 -2.992630 -0.700236 0.754690 0.654956 -0.026887 -0.027451
1614647212.930970 0.843924 -3.041595 -0.688370 0.753616 0.656254 -0.027032 -0.025749
1614647213.030705 0.972260 -3.090586 -0.691989 0.756801 0.652006 -0.034204 -0.031174
1614647213.130621 1.097919 -3.141832 -0.707554 0.760962 0.646736 -0.037014 -0.036056
1614647213.230758 1.215623 -3.197445 -0.728080 0.768479 0.638240 -0.038050 -0.025333
1614647213.331423 1.331423 -3.254429 -0.740927 0.772613 0.633992 -0.032395 -0.008621
1614647213.432483 1.445102 -3.314054 -0.739873 0.771790 0.635112 -0.030163 -0.007957
1614647213.534186 1.557507 -3.380130 -0.730771 0.771902 0.633990 -0.040868 -0.023536
1614647213.632652 1.666567 -3.449437 -0.728750 0.769865 0.635449 -0.055618 -0.020475
1614647213.732686 1.772504 -3.513204 -0.736827 0.766357 0.639082 -0.063354 -0.016066
1614647213.834486 1.878897 -3.574548 -0.745879 0.763010 0.644330 -0.050331 -0.011012
1614647213.932200 1.978745 -3.633185 -0.753517 0.758781 0.649867 -0.043117 0.008052
1614647214.031616 2.081831 -3.688688 -0.747651 0.761173 0.647150 -0.042147 0.006036
1614647214.131443 2.193041 -3.745768 -0.730029 0.765056 0.642185 -0.047758 -0.002651
1614647214.231207 2.313873 -3.804425 -0.720241 0.769133 0.637039 -0.049914 -0.011162
1614647214.331056 2.431572 -3.865320 -0.724538 0.774065 0.630462 -0.054818 -0.018299
1614647214.431201 2.542602 -3.930829 -0.734264 0.784145 0.617267 -0.063022 -0.011246
1614647214.531649 2.649373 -3.996827 -0.742029 0.793141 0.606222 -0.057938 0.008020
1614647214.632157 2.749324 -4.062484 -0.738316 0.798082 0.599800 -0.056522 0.010483
1614647214.732329 2.848788 -4.133096 -0.723231 0.802104 0.594514 -0.056371 -0.001930
1614647214.832587 2.949886 -4.210522 -0.708341 0.805925 0.588214 -0.064126 -0.019428
1614647214.932848 3.047139 -4.284322 -0.708267 0.804672 0.588656 -0.074247 -0.021788
1614647215.033119 3.137385 -4.347378 -0.716862 0.799642 0.594979 -0.073665 -0.033846
1614647215.132770 3.230952 -4.410458 -0.722897 0.793765 0.604913 -0.061155 -0.016649
1614647215.232407 3.326329 -4.472549 -0.717885 0.790526 0.610169 -0.052487 0.002800
1614647215.331828 3.420861 -4.532307 -0.701125 0.790425 0.609118 -0.063102 -0.014889
1614647215.431469 3.530256 -4.594763 -0.685503 0.792888 0.604954 -0.067304 -0.028780
1614647215.531272 3.642161 -4.658893 -0.681522 0.797427 0.599049 -0.063874 -0.034226
1614647215.633241 3.746152 -4.723849 -0.690294 0.803177 0.591278 -0.064576 -0.033565
1614647215.731273 3.840594 -4.788047 -0.696672 0.808328 0.584572 -0.063933 -0.028177
1614647215.831718 3.938240 -4.856520 -0.696867 0.817297 0.573089 -0.056916 -0.018851
1614647215.932033 4.033545 -4.930175 -0.687069 0.818398 0.571392 -0.056859 -0.022425
1614647216.032641 4.129168 -5.010209 -0.676679 0.815633 0.573976 -0.062490 -0.037280
1614647216.132466 4.224806 -5.089427 -0.675397 0.811100 0.579745 -0.066610 -0.039684
1614647216.232317 4.314515 -5.163490 -0.681791 0.811816 0.580266 -0.057649 -0.030359
1614647216.331898 4.401763 -5.235584 -0.686537 0.812345 0.580676 -0.048782 -0.023037
1614647216.431516 4.491397 -5.309668 -0.688967 0.815977 0.575818 -0.050297 -0.009201
1614647216.531232 4.584840 -5.381297 -0.681761 0.820398 0.569158 -0.054292 -0.007681
1614647216.631271 4.688269 -5.453325 -0.670203 0.826161 0.560667 -0.053687 -0.015088
1614647216.731533 4.794935 -5.528473 -0.668195 0.831534 0.552926 -0.049388 -0.019605
1614647216.831739 4.897621 -5.605333 -0.678015 0.834061 0.549688 -0.044164 -0.015352
1614647216.931888 4.991858 -5.684783 -0.689459 0.841111 0.538349 -0.051069 -0.010226
1614647217.031772 5.081583 -5.765632 -0.695547 0.848456 0.526040 -0.058227 0.003667
1614647217.132091 5.168383 -5.848708 -0.688724 0.849749 0.523917 -0.058637 -0.000481
1614647217.232254 5.252601 -5.938366 -0.678007 0.849735 0.523601 -0.059587 -0.015560
1614647217.332567 5.336183 -6.029689 -0.679316 0.846693 0.528240 -0.059191 -0.023883
1614647217.432110 5.416117 -6.117075 -0.688809 0.849347 0.524334 -0.052621 -0.030235
1614647217.531757 5.495354 -6.208536 -0.698284 0.853672 0.518588 -0.045959 -0.014098
1614647217.631561 5.576411 -6.298796 -0.696397 0.856268 0.515122 -0.037781 -0.005242
1614647217.731440 5.660876 -6.388851 -0.683583 0.860390 0.508137 -0.037590 -0.010665
1614647217.831825 5.759132 -6.482638 -0.671969 0.862704 0.504359 -0.036072 -0.007950
1614647217.932018 5.858773 -6.573727 -0.670907 0.863407 0.503882 -0.024743 -0.004378
1614647218.031608 5.949901 -6.663287 -0.681659 0.869886 0.492209 -0.029948 -0.011447
1614647218.131565 6.036703 -6.759267 -0.694095 0.877784 0.477849 -0.033979 0.001076
1614647218.231640 6.117907 -6.855930 -0.699180 0.883433 0.466832 -0.039207 0.008761
1614647218.331536 6.195062 -6.955654 -0.690111 0.886741 0.460122 -0.044052 -0.006157
1614647218.431912 6.272891 -7.066337 -0.676926 0.887884 0.457777 -0.042796 -0.016450
1614647218.532057 6.345631 -7.171492 -0.678143 0.888432 0.455411 -0.048411 -0.030772
1614647218.632250 6.418850 -7.272471 -0.688089 0.891542 0.449935 -0.044165 -0.027601
1614647218.731827 6.489473 -7.371729 -0.695590 0.891079 0.451857 -0.040405 -0.013073
1614647218.831872 6.562042 -7.472205 -0.692709 0.895525 0.443476 -0.036317 -0.006642
1614647218.933002 6.638686 -7.576169 -0.674507 0.901083 0.431328 -0.042093 -0.015264
1614647219.031143 6.721757 -7.682574 -0.658825 0.904880 0.422536 -0.049902 -0.012890
1614647219.131201 6.806035 -7.790890 -0.655829 0.909470 0.412753 -0.045287 -0.021172
1614647219.231359 6.881602 -7.902170 -0.667924 0.914935 0.400047 -0.049022 -0.021302
1614647219.331240 6.946404 -8.016120 -0.682287 0.921580 0.383444 -0.059149 -0.012741
1614647219.431539 7.002217 -8.130967 -0.683833 0.926279 0.370443 -0.066594 -0.018571
1614647219.531640 7.049354 -8.250782 -0.665906 0.929325 0.361153 -0.068014 -0.036019
1614647219.631789 7.091017 -8.381899 -0.645861 0.934510 0.346772 -0.068675 -0.041520
1614647219.731813 7.129188 -8.507507 -0.637527 0.939005 0.333728 -0.067393 -0.048512
1614647219.831717 7.167154 -8.629513 -0.641209 0.945473 0.316548 -0.061236 -0.046126
1614647219.931816 7.205029 -8.748940 -0.646068 0.949352 0.307485 -0.057897 -0.028855
1614647220.031841 7.242385 -8.868160 -0.641622 0.955415 0.287895 -0.063227 -0.017354
1614647220.131479 7.281712 -8.988401 -0.623997 0.959421 0.271893 -0.069741 -0.026854
1614647220.231281 7.325138 -9.114828 -0.608919 0.964294 0.252618 -0.070974 -0.035842
1614647220.331414 7.364913 -9.237536 -0.608437 0.969658 0.231150 -0.067787 -0.041694
1614647220.431237 7.393438 -9.354792 -0.619371 0.974101 0.207683 -0.073525 -0.050887
1614647220.531216 7.411474 -9.475516 -0.630302 0.979808 0.179595 -0.077281 -0.041830
1614647220.631610 7.418960 -9.594531 -0.629112 0.982891 0.161643 -0.079709 -0.037989
1614647220.732229 7.416657 -9.712758 -0.609664 0.985382 0.147352 -0.074138 -0.042591
1614647220.832811 7.405331 -9.831728 -0.588511 0.985625 0.144732 -0.069258 -0.052900
1614647220.932533 7.392990 -9.950703 -0.580222 0.986583 0.139195 -0.067300 -0.052441
1614647221.032429 7.379968 -10.067083 -0.584001 0.987742 0.130210 -0.071125 -0.048497
1614647221.132088 7.367371 -10.180510 -0.588737 0.988344 0.128193 -0.075389 -0.032535
1614647221.232197 7.357653 -10.294144 -0.582164 0.989348 0.121430 -0.073905 -0.031346
1614647221.332120 7.350886 -10.414972 -0.562665 0.989115 0.122027 -0.074085 -0.035661
1614647221.431918 7.345991 -10.547300 -0.541276 0.989486 0.116422 -0.073810 -0.043761
1614647221.531767 7.339585 -10.683628 -0.529966 0.991226 0.107769 -0.060230 -0.047222
1614647221.630988 7.325556 -10.813370 -0.533558 0.993874 0.086832 -0.053725 -0.042283
1614647221.730718 7.306177 -10.939536 -0.541182 0.996377 0.061284 -0.054174 -0.023278
1614647221.830856 7.282470 -11.061574 -0.540746 0.997600 0.042596 -0.051294 -0.018681
1614647221.931401 7.251415 -11.186342 -0.527620 0.997852 0.030359 -0.047256 -0.033725
1614647222.031776 7.218567 -11.318139 -0.517832 0.998080 0.023439 -0.040296 -0.040791
1614647222.132274 7.186446 -11.444776 -0.523040 0.997656 0.017192 -0.034885 -0.056302
1614647222.231927 7.156242 -11.568670 -0.538423 0.998029 0.008272 -0.027134 -0.055970
1614647222.332041 7.123125 -11.688452 -0.552548 0.998764 0.000313 -0.030806 -0.039004
1614647222.431481 7.092318 -11.805937 -0.553316 0.998764 -0.011065 -0.032682 -0.035771
1614647222.531242 7.068419 -11.929507 -0.540079 0.998543 -0.023057 -0.028506 -0.039583
1614647222.631027 7.047416 -12.058655 -0.530717 0.997891 -0.040804 -0.025676 -0.043475
1614647222.730977 7.026094 -12.179588 -0.534330 0.996724 -0.059818 -0.024431 -0.048650
1614647222.833236 7.000529 -12.295241 -0.549336 0.995480 -0.075555 -0.024588 -0.052032
1614647222.931237 6.971442 -12.403732 -0.559554 0.994233 -0.095253 -0.029632 -0.039376
1614647223.031681 6.939107 -12.505947 -0.559278 0.993535 -0.100861 -0.031968 -0.041155
1614647223.132720 6.901814 -12.610970 -0.548097 0.992080 -0.109715 -0.025475 -0.055590
1614647223.231998 6.858903 -12.717162 -0.541756 0.991499 -0.111928 -0.023071 -0.062209
1614647223.332415 6.814706 -12.817973 -0.547965 0.992466 -0.103865 -0.027850 -0.058723
1614647223.432161 6.773583 -12.914010 -0.567696 0.992717 -0.097263 -0.019226 -0.068427
1614647223.531919 6.730328 -13.011800 -0.593770 0.993945 -0.095027 -0.021135 -0.050961
1614647223.631213 6.689552 -13.111217 -0.616360 0.993560 -0.099104 -0.016097 -0.052510
1614647223.730814 6.649125 -13.218127 -0.634280 0.992037 -0.105666 -0.012927 -0.067313
1614647223.831026 6.610295 -13.340595 -0.653350 0.991504 -0.111467 0.003521 -0.066953
1614647223.930634 6.568272 -13.466835 -0.683478 0.990177 -0.125901 0.012124 -0.059592
1614647224.030563 6.521554 -13.589557 -0.727742 0.987898 -0.145286 0.003064 -0.054221
1614647224.130530 6.470650 -13.703481 -0.776470 0.985312 -0.161443 -0.015875 -0.053335
1614647224.230716 6.416891 -13.818833 -0.818404 0.980668 -0.186570 -0.028067 -0.051903
1614647224.330863 6.360807 -13.933206 -0.846669 0.976265 -0.206767 -0.029964 -0.057071
1614647224.431575 6.298840 -14.048395 -0.866721 0.973772 -0.217427 -0.027422 -0.061173
1614647224.531504 6.234707 -14.156128 -0.888653 0.968711 -0.233300 -0.036261 -0.076521
1614647224.631477 6.170133 -14.261395 -0.916638 0.961848 -0.251829 -0.056613 -0.090697
1614647224.731548 6.110980 -14.366473 -0.934577 0.959513 -0.261123 -0.063427 -0.084421
1614647224.831539 6.050530 -14.469518 -0.933786 0.954566 -0.276547 -0.070439 -0.085810
1614647224.931345 5.990342 -14.575898 -0.910295 0.951785 -0.286845 -0.068904 -0.084133
1614647225.031350 5.925511 -14.692587 -0.881686 0.948786 -0.296550 -0.074351 -0.079595
1614647225.131341 5.855623 -14.807416 -0.863030 0.945254 -0.300597 -0.093415 -0.086086
1614647225.231048 5.780929 -14.918366 -0.853225 0.939786 -0.313121 -0.107227 -0.085202
1614647225.330965 5.704400 -15.013762 -0.837215 0.934723 -0.322927 -0.116059 -0.092419
1614647225.431200 5.623352 -15.101220 -0.803759 0.929484 -0.330512 -0.132712 -0.095966
1614647225.531186 5.536785 -15.185461 -0.747784 0.924224 -0.336235 -0.151907 -0.098387
1614647225.631520 5.445924 -15.267144 -0.682602 0.919023 -0.339706 -0.165113 -0.112845
1614647225.731629 5.355347 -15.345802 -0.621831 0.914180 -0.346042 -0.168397 -0.127167
1614647225.831425 5.264359 -15.418796 -0.567685 0.913168 -0.353006 -0.165632 -0.118643
1614647225.930965 5.173071 -15.487382 -0.512758 0.910213 -0.371153 -0.159250 -0.091634
1614647226.030761 5.081418 -15.550805 -0.450775 0.904694 -0.389588 -0.152383 -0.080805
1614647226.130865 4.986660 -15.615089 -0.382568 0.898832 -0.407778 -0.143442 -0.072405
1614647226.230976 4.887699 -15.684443 -0.326967 0.893780 -0.421703 -0.136576 -0.068339
1614647226.331488 4.787032 -15.755759 -0.294908 0.892385 -0.429732 -0.132237 -0.038643
1614647226.431946 4.699233 -15.810485 -0.282407 0.893411 -0.432173 -0.117004 -0.036800
1614647226.531756 4.612114 -15.857509 -0.275808 0.886534 -0.448109 -0.106380 -0.044039
1614647226.631922 4.520928 -15.903243 -0.268193 0.885290 -0.450660 -0.107283 -0.040716
1614647226.733580 4.422617 -15.951535 -0.252714 0.884889 -0.454917 -0.091875 -0.039756
1614647226.832135 4.317983 -15.994906 -0.239604 0.886142 -0.456074 -0.071758 -0.039989
1614647226.932335 4.210465 -16.038685 -0.243615 0.891811 -0.447007 -0.054611 -0.043305
1614647227.031760 4.103513 -16.078902 -0.260628 0.891789 -0.447861 -0.047324 -0.043504
1614647227.131434 3.995586 -16.120338 -0.281644 0.892698 -0.448284 -0.042939 -0.016981
1614647227.230912 3.885077 -16.161280 -0.298355 0.890176 -0.453393 -0.044899 -0.002614
1614647227.330842 3.766515 -16.208967 -0.299197 0.885133 -0.463728 -0.038323 0.005302
1614647227.430888 3.637717 -16.266159 -0.302057 0.885007 -0.464607 -0.026154 0.014799
1614647227.530923 3.507229 -16.324707 -0.322063 0.883075 -0.468666 -0.003653 0.022764
1614647227.630919 3.377935 -16.380634 -0.357393 0.871415 -0.490204 0.007551 0.016682
1614647227.730867 3.251190 -16.429791 -0.395113 0.857277 -0.514729 0.003859 0.010706
1614647227.831046 3.128381 -16.475390 -0.421308 0.849729 -0.527046 0.004681 0.012668
1614647227.931505 3.008088 -16.516410 -0.430766 0.843887 -0.536257 0.016374 0.004035
1614647228.033464 2.885848 -16.554141 -0.434267 0.833632 -0.551144 0.035433 -0.006537
1614647228.131751 2.774355 -16.586825 -0.447724 0.826791 -0.560811 0.042679 -0.009229
1614647228.231978 2.675635 -16.620421 -0.472893 0.825029 -0.562428 0.053872 -0.009974
1614647228.332105 2.577953 -16.657532 -0.494684 0.824571 -0.562784 0.056422 0.013186
1614647228.432009 2.478419 -16.694249 -0.509785 0.825371 -0.561548 0.049265 0.031609
1614647228.531701 2.376184 -16.735873 -0.513673 0.825411 -0.561162 0.055124 0.027475
1614647228.631263 2.266334 -16.785783 -0.518969 0.823759 -0.562689 0.065462 0.022741
1614647228.733015 2.150663 -16.836851 -0.541977 0.822145 -0.564870 0.066469 0.024097
1614647228.830704 2.045447 -16.881325 -0.578996 0.817571 -0.572247 0.063669 0.007556
1614647228.930814 1.936425 -16.920570 -0.611997 0.808377 -0.586109 0.054281 0.007503
1614647229.031090 1.825743 -16.954940 -0.629876 0.803034 -0.593975 0.043941 0.019999
1614647229.130827 1.714047 -16.983742 -0.628536 0.795308 -0.603634 0.052094 0.019958
1614647229.231318 1.598579 -17.007522 -0.627580 0.791344 -0.608681 0.055873 0.012614
1614647229.331644 1.487976 -17.031306 -0.638847 0.792579 -0.607164 0.056134 0.004369
1614647229.431977 1.385686 -17.058004 -0.659045 0.797101 -0.600718 0.060619 0.009629
1614647229.531994 1.283437 -17.087167 -0.678109 0.801025 -0.594581 0.060805 0.033687
1614647229.631601 1.176085 -17.118256 -0.686612 0.801435 -0.593042 0.059497 0.049636
1614647229.731374 1.063480 -17.158398 -0.687220 0.803100 -0.590392 0.066230 0.045626
1614647229.830994 0.940714 -17.210197 -0.692197 0.804920 -0.586074 0.078470 0.049644
1614647229.931032 0.813058 -17.264895 -0.715636 0.803279 -0.587371 0.072729 0.066691
1614647230.031126 0.692410 -17.315509 -0.749109 0.803963 -0.587891 0.057561 0.068657
1614647230.131043 0.574799 -17.361597 -0.778218 0.803270 -0.590895 0.043443 0.060939
1614647230.231367 0.455640 -17.404501 -0.791498 0.805582 -0.589237 0.030015 0.054190
1614647230.333644 0.330761 -17.445144 -0.784253 0.806244 -0.589617 0.034208 0.033956
1614647230.431678 0.206879 -17.478961 -0.775413 0.810504 -0.584442 0.036940 0.012077
1614647230.531907 0.087733 -17.511846 -0.769441 0.818122 -0.573642 0.039811 -0.005003
1614647230.631992 -0.021738 -17.544101 -0.764434 0.823565 -0.565792 0.039958 -0.004827
1614647230.732106 -0.128115 -17.579027 -0.755576 0.835106 -0.548845 0.032872 0.016923
1614647230.832050 -0.234698 -17.615421 -0.735061 0.841709 -0.538643 0.031487 0.019944
1614647230.931164 -0.346726 -17.659108 -0.705301 0.846395 -0.531340 0.032349 0.015689
1614647231.031014 -0.468879 -17.710985 -0.683520 0.851256 -0.523761 0.029314 0.013372
1614647231.130790 -0.590200 -17.766588 -0.680069 0.853709 -0.519294 0.029393 0.025528
1614647231.230894 -0.712396 -17.816080 -0.691140 0.856789 -0.514753 0.016723 0.025732
1614647231.330593 -0.838606 -17.859893 -0.703745 0.853342 -0.521003 0.000145 0.019038
1614647231.430959 -0.963794 -17.902739 -0.707175 0.855558 -0.517575 -0.001663 0.011525
1614647231.531223 -1.089397 -17.942491 -0.697509 0.856073 -0.516502 0.016584 -0.009472
1614647231.631489 -1.222539 -17.974914 -0.691668 0.858397 -0.511963 0.017547 -0.027202
1614647231.731766 -1.354747 -18.008512 -0.698991 0.863471 -0.503834 0.005518 -0.023215
1614647231.832097 -1.474977 -18.044356 -0.711432 0.871278 -0.489977 0.017338 -0.022283
1614647231.932101 -1.597092 -18.083171 -0.721345 0.880577 -0.473882 0.003826 0.002396
1614647232.033519 -1.722086 -18.125773 -0.714498 0.885007 -0.465570 -0.002585 -0.000170
1614647232.131238 -1.852415 -18.174643 -0.699759 0.889031 -0.457541 -0.005304 -0.015875
1614647232.232047 -1.999446 -18.236051 -0.693914 0.889289 -0.457077 -0.002522 -0.015451
1614647232.330833 -2.146718 -18.290307 -0.705321 0.891351 -0.452999 -0.006235 -0.015690
1614647232.430665 -2.295816 -18.336907 -0.722496 0.887775 -0.459381 -0.015438 -0.024201
1614647232.530414 -2.441305 -18.375706 -0.737723 0.880197 -0.472147 -0.040093 -0.026898
1614647232.630663 -2.583227 -18.410056 -0.735684 0.874395 -0.481593 -0.048698 -0.033625
1614647232.730905 -2.727289 -18.439495 -0.712639 0.869757 -0.489913 -0.043095 -0.040634
1614647232.831574 -2.868220 -18.467255 -0.695460 0.869331 -0.490415 -0.040610 -0.045904
1614647232.932129 -2.992110 -18.488900 -0.693770 0.874627 -0.479528 -0.036618 -0.061154
1614647233.032270 -3.109453 -18.508865 -0.696958 0.875532 -0.478220 -0.030157 -0.061969
1614647233.131907 -3.226935 -18.531866 -0.695954 0.874717 -0.480756 -0.040349 -0.046000
1614647233.231431 -3.342891 -18.557785 -0.682290 0.870703 -0.488019 -0.036583 -0.048733
1614647233.331185 -3.468184 -18.593463 -0.664877 0.868647 -0.491653 -0.030634 -0.052824
1614647233.431119 -3.604708 -18.638412 -0.662292 0.863172 -0.501997 -0.033431 -0.042616
1614647233.531347 -3.735280 -18.677241 -0.678127 0.859137 -0.507240 -0.039227 -0.055253
1614647233.630925 -3.866353 -18.713632 -0.700527 0.849858 -0.521580 -0.049393 -0.057066
1614647233.731008 -3.996998 -18.744315 -0.715988 0.838269 -0.538145 -0.071891 -0.050362
1614647233.831454 -4.124504 -18.769561 -0.714300 0.830645 -0.548954 -0.072681 -0.058271
1614647233.931704 -4.257135 -18.789927 -0.700312 0.826705 -0.554145 -0.064397 -0.073042
1614647234.032084 -4.393087 -18.805758 -0.690514 0.826981 -0.552133 -0.072148 -0.077765
1614647234.131612 -4.516901 -18.818401 -0.691031 0.821658 -0.559126 -0.073275 -0.082991
1614647234.231843 -4.637649 -18.831130 -0.694176 0.816881 -0.567422 -0.068959 -0.077352
1614647234.331739 -4.754078 -18.842469 -0.692753 0.812080 -0.574204 -0.076854 -0.070062
1614647234.433107 -4.868455 -18.857106 -0.676892 0.805154 -0.585087 -0.067057 -0.070029
1614647234.531338 -4.983311 -18.874991 -0.656584 0.800711 -0.591827 -0.052211 -0.076657
1614647234.631474 -5.104800 -18.896606 -0.652185 0.802901 -0.587691 -0.051496 -0.085545
1614647234.731415 -5.224373 -18.920461 -0.662131 0.797507 -0.594796 -0.041881 -0.091906
1614647234.831238 -5.347024 -18.939106 -0.681065 0.789364 -0.604480 -0.047172 -0.096352
1614647234.931268 -5.470507 -18.955037 -0.695706 0.780975 -0.614566 -0.067153 -0.088754
1614647235.031206 -5.594196 -18.970374 -0.693451 0.774116 -0.623069 -0.070458 -0.086985
1614647235.131501 -5.722522 -18.981613 -0.678101 0.775131 -0.622547 -0.063095 -0.087328
1614647235.231528 -5.855532 -18.990113 -0.671503 0.775356 -0.622189 -0.063267 -0.087755
1614647235.331450 -5.979654 -18.998064 -0.680822 0.771020 -0.626617 -0.070766 -0.088728
1614647235.431470 -6.103919 -19.010534 -0.693199 0.768932 -0.630689 -0.075656 -0.072459
1614647235.531555 -6.225922 -19.027519 -0.702635 0.766379 -0.634741 -0.077687 -0.061087
1614647235.631605 -6.347470 -19.047096 -0.698597 0.768265 -0.632713 -0.068611 -0.068826
1614647235.731634 -6.481001 -19.069475 -0.688557 0.774327 -0.623550 -0.070374 -0.081550
1614647235.831541 -6.620461 -19.096109 -0.688545 0.768338 -0.630442 -0.070993 -0.084612
1614647235.931297 -6.755140 -19.114932 -0.699741 0.764012 -0.633904 -0.067567 -0.099428
1614647236.030990 -6.894215 -19.125106 -0.716641 0.749669 -0.649779 -0.071157 -0.103538
1614647236.130450 -7.030822 -19.128128 -0.728027 0.734698 -0.666945 -0.080643 -0.094339
1614647236.230530 -7.167462 -19.125667 -0.725386 0.721817 -0.681146 -0.074437 -0.097362
1614647236.330821 -7.308787 -19.118575 -0.713820 0.705947 -0.698181 -0.059793 -0.102990
1614647236.431717 -7.451768 -19.106793 -0.715768 -0.695794 0.705929 0.051620 0.121941
1614647236.531446 -7.591042 -19.098486 -0.734364 -0.687709 0.712819 0.046501 0.129549
1614647236.631588 -7.722105 -19.087126 -0.758607 -0.672797 0.728101 0.043477 0.123783
1614647236.731477 -7.849153 -19.074382 -0.773503 -0.659733 0.740439 0.047664 0.119293
1614647236.831804 -7.977568 -19.066396 -0.768792 -0.645113 0.755391 0.040612 0.107538
1614647236.934733 -8.113461 -19.060536 -0.758506 -0.624423 0.771753 0.020191 0.118681
1614647237.032792 -8.251331 -19.053988 -0.760140 -0.604705 0.787024 0.025588 0.119459
1614647237.132282 -8.381883 -19.042681 -0.774753 -0.579682 0.804593 0.026300 0.126124
1614647237.232400 -8.502455 -19.017581 -0.791191 -0.556648 0.820125 0.041403 0.125794
1614647237.332635 -8.611491 -18.987639 -0.800074 -0.537490 0.832767 0.049060 0.123274
1614647237.433522 -8.720012 -18.951086 -0.795734 -0.519986 0.844314 0.041411 0.122610
1614647237.533824 -8.826140 -18.909473 -0.781238 -0.512146 0.848355 0.023316 0.132124
1614647237.633775 -8.937583 -18.863166 -0.776189 -0.505442 0.851107 0.019974 0.140523
1614647237.733690 -9.046478 -18.813947 -0.785095 -0.498815 0.853011 0.022308 0.151849
1614647237.833149 -9.146758 -18.762213 -0.795114 -0.489930 0.857862 0.031656 0.151784
1614647237.932905 -9.242710 -18.707373 -0.796312 -0.475842 0.866418 0.045554 0.144288
1614647238.032688 -9.337757 -18.649421 -0.780739 -0.465374 0.872276 0.041211 0.144441
1614647238.132606 -9.443118 -18.589934 -0.757087 -0.455380 0.878358 0.033637 0.141370
1614647238.232736 -9.555906 -18.526544 -0.742523 -0.443041 0.884892 0.030719 0.140488
1614647238.332548 -9.662500 -18.461762 -0.743453 -0.421706 0.894481 0.030084 0.145472
1614647238.432606 -9.759683 -18.392051 -0.755487 -0.396455 0.904286 0.025990 0.156251
1614647238.532622 -9.851091 -18.316556 -0.764361 -0.376528 0.912586 0.045827 0.152689
1614647238.633399 -9.936598 -18.237223 -0.760972 -0.360455 0.919405 0.047505 0.150034
1614647238.733920 -10.017416 -18.152264 -0.744119 -0.348801 0.924582 0.035058 0.149187
1614647238.833421 -10.097656 -18.062124 -0.728520 -0.334101 0.931650 0.023930 0.140823
1614647238.933488 -10.171136 -17.972697 -0.726153 -0.312027 0.939662 0.018182 0.139081
1614647239.033262 -10.238788 -17.883075 -0.735777 -0.299445 0.942741 0.015561 0.146044
1614647239.133220 -10.305504 -17.790867 -0.744975 -0.283750 0.949389 0.027640 0.131846
1614647239.233526 -10.365327 -17.697523 -0.746472 -0.272050 0.953708 0.025910 0.125532
1614647239.333452 -10.428647 -17.599388 -0.735244 -0.267971 0.955993 0.018556 0.118002
1614647239.433643 -10.499992 -17.493682 -0.720764 -0.256107 0.959818 0.001794 0.114694
1614647239.532987 -10.568869 -17.382343 -0.718685 -0.246423 0.961564 -0.009559 0.120747
1614647239.632451 -10.633380 -17.264761 -0.730691 -0.212899 0.969668 -0.010558 0.119609
1614647239.731968 -10.680511 -17.145537 -0.745225 -0.179142 0.974410 -0.002923 0.135735
1614647239.832036 -10.719862 -17.021467 -0.750416 -0.145045 0.978667 0.008379 0.145270
1614647239.932149 -10.752603 -16.893838 -0.740980 -0.122686 0.982033 -0.001306 0.143382
1614647240.033376 -10.775145 -16.757100 -0.724958 -0.105965 0.983029 -0.015958 0.148899
1614647240.133478 -10.790952 -16.620444 -0.717312 -0.092179 0.983956 -0.015657 0.151952
1614647240.233860 -10.800117 -16.488869 -0.720997 -0.078142 0.984724 -0.016468 0.154731
1614647240.333696 -10.806148 -16.361525 -0.724896 -0.060698 0.987898 0.004623 0.142658
1614647240.433481 -10.805309 -16.240831 -0.721251 -0.036351 0.988337 0.007768 0.147675
1614647240.533959 -10.802791 -16.119008 -0.704955 -0.019775 0.988109 -0.009372 0.152189
1614647240.633082 -10.801019 -15.988159 -0.691232 0.000968 0.988252 -0.019093 0.151632
1614647240.732745 -10.795023 -15.857606 -0.694704 0.024544 0.988186 -0.030741 0.148127
1614647240.834290 -10.782971 -15.729245 -0.713620 0.049915 0.988228 -0.034607 0.140412
1614647240.932830 -10.761377 -15.610976 -0.736046 0.068115 0.987498 -0.026759 0.139611
1614647241.032917 -10.735669 -15.492522 -0.752669 0.086192 0.987070 -0.019992 0.133657
1614647241.133204 -10.702963 -15.375614 -0.755528 0.097202 0.986753 -0.029817 0.126416
1614647241.233549 -10.664047 -15.253796 -0.755514 0.108493 0.986477 -0.028553 0.119488
1614647241.333391 -10.625447 -15.138473 -0.766223 0.114645 0.986491 -0.031573 0.112674
1614647241.433064 -10.589885 -15.029682 -0.787263 0.124516 0.986836 -0.031065 0.098415
1614647241.533024 -10.558733 -14.926612 -0.808774 0.130958 0.987431 -0.018314 0.086570
1614647241.633005 -10.529690 -14.825022 -0.822848 0.135765 0.987156 -0.015753 0.082717
1614647241.733538 -10.505398 -14.717117 -0.823420 0.136264 0.987947 -0.023883 0.069448
1614647241.832945 -10.482918 -14.599498 -0.825164 0.140960 0.987536 -0.033313 0.061581
1614647241.932623 -10.462678 -14.485572 -0.839314 0.158092 0.985255 -0.038337 0.052998
1614647242.032698 -10.441396 -14.380133 -0.866415 0.162189 0.984588 -0.050455 0.041667
1614647242.132564 -10.413174 -14.276597 -0.892781 0.177205 0.982845 -0.039932 0.031920
1614647242.232977 -10.380093 -14.176776 -0.909267 0.181752 0.982387 -0.034065 0.026857
1614647242.333337 -10.345273 -14.075589 -0.906659 0.180920 0.982652 -0.039974 0.008029
1614647242.433620 -10.299499 -13.968486 -0.898369 0.177882 0.983193 -0.041093 -0.000569
1614647242.533292 -10.251054 -13.860562 -0.896909 0.175387 0.983868 -0.034534 -0.007139
1614647242.632897 -10.206330 -13.755569 -0.905506 0.176219 0.983878 -0.025095 -0.017363
1614647242.732716 -10.159891 -13.648499 -0.911233 0.179953 0.983565 0.000063 -0.014747
1614647242.833873 -10.108426 -13.538051 -0.905136 0.185641 0.982492 0.011715 -0.010437
1614647242.932239 -10.055117 -13.427709 -0.886139 0.193522 0.981014 0.000864 -0.012643
1614647243.032674 -9.995118 -13.306609 -0.866461 0.202226 0.978957 -0.003203 -0.027166
1614647243.132047 -9.932291 -13.191299 -0.861304 0.208529 0.977047 -0.005939 -0.043126
1614647243.232209 -9.864059 -13.084512 -0.866490 0.222763 0.973617 -0.008814 -0.048669
1614647243.332112 -9.787784 -12.986154 -0.873153 0.241047 0.969704 -0.003719 -0.039449
1614647243.432590 -9.708844 -12.891485 -0.869789 0.252833 0.966692 0.002786 -0.039682
1614647243.532986 -9.624681 -12.800811 -0.852868 0.257934 0.964690 -0.009417 -0.052487
1614647243.633506 -9.531077 -12.711413 -0.840357 0.258918 0.964171 -0.011645 -0.056575
1614647243.733041 -9.440560 -12.625667 -0.838611 0.261425 0.963569 0.002027 -0.056462
1614647243.832886 -9.357844 -12.541815 -0.848504 0.267613 0.961823 0.003269 -0.057170
1614647243.932903 -9.279207 -12.458482 -0.858703 0.262484 0.963612 0.016451 -0.047796
1614647244.032459 -9.200356 -12.373612 -0.852991 0.267059 0.962392 0.010723 -0.048644
1614647244.132181 -9.118071 -12.288224 -0.836818 0.274436 0.960534 -0.016343 -0.042322
1614647244.231984 -9.032256 -12.193681 -0.827374 0.283174 0.957723 -0.027796 -0.042502
1614647244.332089 -8.949766 -12.097716 -0.831704 0.294362 0.952737 -0.029957 -0.068887
1614647244.432012 -8.861034 -12.006626 -0.849236 0.305114 0.950172 -0.022810 -0.059661
1614647244.532361 -8.775161 -11.917169 -0.860941 0.314225 0.948098 0.002344 -0.048647
1614647244.634059 -8.691941 -11.831376 -0.857742 0.313362 0.947631 -0.009920 -0.060839
1614647244.732583 -8.603244 -11.746992 -0.838936 0.308113 0.948458 -0.017696 -0.071982
1614647244.833095 -8.506485 -11.659360 -0.821937 0.296008 0.951951 -0.012062 -0.077610
1614647244.932748 -8.413851 -11.572257 -0.814896 0.283695 0.955706 -0.000273 -0.078375
1614647245.034116 -8.325333 -11.481082 -0.816148 0.282069 0.956334 0.020726 -0.073713
1614647245.132196 -8.242237 -11.393045 -0.813517 0.270594 0.959943 0.026398 -0.067757
1614647245.232019 -8.154457 -11.296814 -0.797537 0.269237 0.960596 0.017499 -0.066796
1614647245.331610 -8.062608 -11.196346 -0.776878 0.264103 0.961974 -0.003423 -0.069592
1614647245.431972 -7.964223 -11.096233 -0.766682 0.264545 0.961103 -0.018039 -0.077282
1614647245.531801 -7.869293 -11.004273 -0.772907 0.263797 0.961862 -0.013579 -0.071046
1614647245.631921 -7.774499 -10.917554 -0.782385 0.270367 0.959802 -0.020867 -0.072438
1614647245.732432 -7.673410 -10.834727 -0.790861 0.270248 0.961348 -0.014597 -0.050616
1614647245.832558 -7.573470 -10.753541 -0.782125 0.265502 0.961983 -0.024582 -0.059112
1614647245.934848 -7.465275 -10.668858 -0.764663 0.255132 0.963253 -0.030324 -0.078305
1614647246.033075 -7.361313 -10.589907 -0.762936 0.236394 0.967383 -0.027298 -0.086845
1614647246.132894 -7.263484 -10.513666 -0.776584 0.217390 0.971016 -0.034644 -0.093107
1614647246.232511 -7.166733 -10.433350 -0.794019 0.205176 0.975016 -0.020513 -0.082620
1614647246.334055 -7.069452 -10.349203 -0.799043 0.195624 0.977603 -0.020994 -0.074721
1614647246.431845 -6.972778 -10.261900 -0.785029 0.188569 0.978921 -0.030904 -0.072107
1614647246.533428 -6.870987 -10.161946 -0.764904 0.183163 0.978986 -0.029716 -0.084591
1614647246.631456 -6.767837 -10.065003 -0.756994 0.177579 0.978841 -0.025663 -0.098378
1614647246.733131 -6.660674 -9.971588 -0.766492 0.176847 0.978505 -0.024812 -0.103134
1614647246.831381 -6.555295 -9.884055 -0.780164 0.190722 0.977786 -0.016436 -0.085382
1614647246.933143 -6.446587 -9.798492 -0.784341 0.194225 0.978517 -0.011588 -0.068166
1614647247.031910 -6.339280 -9.717206 -0.768075 0.200298 0.976625 -0.020524 -0.075250
1614647247.132573 -6.222758 -9.634942 -0.742413 0.196006 0.976217 -0.017131 -0.091044
1614647247.232830 -6.110685 -9.555486 -0.729492 0.188518 0.977420 -0.006983 -0.095199
1614647247.332761 -6.009951 -9.476531 -0.732150 0.183171 0.978009 -0.007675 -0.099436
1614647247.433580 -5.915025 -9.393535 -0.739634 0.167775 0.981517 0.006811 -0.091813
1614647247.532689 -5.827423 -9.308504 -0.737822 0.155268 0.984040 0.000806 -0.086932
1614647247.632309 -5.741427 -9.214594 -0.717910 0.147756 0.985205 -0.015592 -0.085415
1614647247.731716 -5.653822 -9.105728 -0.704174 0.147136 0.985451 -0.015112 -0.083719
1614647247.831810 -5.568715 -8.999585 -0.705693 0.140415 0.986297 -0.008075 -0.086233
1614647247.931604 -5.486711 -8.901064 -0.717642 0.135126 0.986799 -0.011140 -0.088573
1614647248.031857 -5.399855 -8.803988 -0.730470 0.140931 0.987286 -0.002033 -0.073489
1614647248.131808 -5.314707 -8.715576 -0.730546 0.140952 0.987582 -0.011872 -0.068370
1614647248.231826 -5.223401 -8.625988 -0.717224 0.144237 0.986394 -0.027033 -0.074103
1614647248.332246 -5.124621 -8.535175 -0.704425 0.144525 0.985716 -0.032448 -0.080148
1614647248.432885 -5.032699 -8.450920 -0.705755 0.138000 0.986091 -0.038299 -0.084341
1614647248.532869 -4.946249 -8.369395 -0.719455 0.126904 0.988083 -0.034575 -0.079954
1614647248.632775 -4.861854 -8.283300 -0.732232 0.126886 0.989260 -0.015747 -0.070831
1614647248.732149 -4.779240 -8.195878 -0.729522 0.132424 0.988485 -0.018599 -0.070813
1614647248.832095 -4.694666 -8.102562 -0.715510 0.132871 0.987846 -0.028296 -0.075536
1614647248.931998 -4.610243 -8.001147 -0.707086 0.132334 0.986748 -0.027535 -0.089764
1614647249.031998 -4.529613 -7.907365 -0.713296 0.130097 0.986122 -0.022360 -0.100688
1614647249.131744 -4.450072 -7.818493 -0.725200 0.139077 0.985707 -0.018281 -0.093301
1614647249.233747 -4.369054 -7.731210 -0.733471 0.148641 0.985835 -0.005193 -0.077518
1614647249.332326 -4.290628 -7.651580 -0.729794 0.151204 0.985953 -0.006510 -0.070649
1614647249.432366 -4.207035 -7.570344 -0.714240 0.149935 0.985568 -0.016262 -0.076880
1614647249.532608 -4.120752 -7.488696 -0.703651 0.135657 0.987552 -0.019247 -0.077252
1614647249.632984 -4.045868 -7.409642 -0.701593 0.121005 0.988378 -0.026771 -0.088036
1614647249.732933 -3.974142 -7.330125 -0.707889 0.107447 0.989652 -0.025845 -0.091519
1614647249.832861 -3.904920 -7.248464 -0.714578 0.088228 0.992660 -0.009464 -0.082171
1614647249.932571 -3.839565 -7.163792 -0.708797 0.076428 0.993293 -0.019043 -0.084652
1614647250.032493 -3.773107 -7.069435 -0.693334 0.061065 0.993787 -0.033407 -0.086843
1614647250.131731 -3.705570 -6.962397 -0.683000 0.049946 0.993692 -0.032233 -0.095092
1614647250.231758 -3.636584 -6.858423 -0.685298 0.046789 0.994247 -0.027577 -0.092326
1614647250.331333 -3.569532 -6.759762 -0.693878 0.050873 0.994313 -0.031962 -0.087933
1614647250.431304 -3.499942 -6.661805 -0.702226 0.057220 0.995325 -0.021163 -0.074871
1614647250.532139 -3.428246 -6.566844 -0.698154 0.049480 0.995961 -0.017112 -0.072944
1614647250.632667 -3.354043 -6.473119 -0.681385 0.042357 0.995195 -0.027057 -0.084024
1614647250.732693 -3.274759 -6.381555 -0.672988 0.027729 0.995731 -0.029305 -0.083023
1614647250.832809 -3.205957 -6.294370 -0.677167 0.014324 0.995237 -0.032586 -0.090757
1614647250.932739 -3.143067 -6.206366 -0.687142 -0.002065 0.995468 -0.026248 -0.091374
1614647251.032899 -3.084924 -6.116534 -0.693350 -0.018942 0.996345 -0.007449 -0.082964
1614647251.132389 -3.031569 -6.025828 -0.682124 -0.027780 0.995897 -0.023164 -0.082952
1614647251.232495 -2.977824 -5.922112 -0.663688 -0.043501 0.995027 -0.034285 -0.082787
1614647251.332279 -2.929444 -5.810767 -0.655890 -0.056478 0.993375 -0.034595 -0.093916
1614647251.432179 -2.883931 -5.700726 -0.659686 -0.067041 0.992547 -0.025070 -0.098630
1614647251.531672 -2.839951 -5.591098 -0.666614 -0.064654 0.993580 -0.021652 -0.090275
1614647251.632038 -2.800534 -5.480726 -0.667567 -0.070221 0.993832 -0.009847 -0.085260
1614647251.732625 -2.761554 -5.367319 -0.658797 -0.081799 0.992597 -0.024060 -0.086489
1614647251.832841 -2.723071 -5.248782 -0.644624 -0.098742 0.990360 -0.030817 -0.092131
1614647251.933087 -2.687618 -5.128867 -0.636747 -0.118737 0.987533 -0.027989 -0.099483
1614647252.033153 -2.658728 -5.015273 -0.641907 -0.139208 0.984490 -0.031604 -0.101989
1614647252.132928 -2.638080 -4.901902 -0.653235 -0.153629 0.983306 -0.018565 -0.095720
1614647252.232608 -2.625751 -4.787102 -0.657145 -0.169051 0.980903 -0.027228 -0.092247
1614647252.332381 -2.619625 -4.661646 -0.649051 -0.185671 0.977415 -0.039426 -0.092909
1614647252.432113 -2.619391 -4.526349 -0.644687 -0.199695 0.974560 -0.045063 -0.091233
1614647252.532211 -2.623024 -4.391372 -0.652166 -0.212130 0.971520 -0.051920 -0.091946
1614647252.631840 -2.628040 -4.262092 -0.670201 -0.215078 0.970744 -0.054056 -0.092059
1614647252.731793 -2.630827 -4.142202 -0.690822 -0.223914 0.969560 -0.052581 -0.083972
1614647252.832363 -2.636774 -4.024425 -0.704696 -0.236922 0.967413 -0.048650 -0.074918
1614647252.933985 -2.646832 -3.906368 -0.702383 -0.246571 0.964188 -0.055806 -0.080185
1614647253.033030 -2.657871 -3.792005 -0.698422 -0.268426 0.958215 -0.056576 -0.081058
1614647253.134918 -2.675474 -3.686519 -0.702906 -0.312061 0.944268 -0.072786 -0.075357
1614647253.233832 -2.700588 -3.595251 -0.710121 -0.357529 0.926952 -0.083780 -0.076901
1614647253.333188 -2.738306 -3.508217 -0.715779 -0.384551 0.917249 -0.065780 -0.080294
1614647253.432710 -2.784629 -3.429079 -0.716226 -0.409493 0.907778 -0.049527 -0.076170
1614647253.531556 -2.842275 -3.355879 -0.706221 -0.425237 0.900609 -0.055856 -0.070399
1614647253.632612 -2.913080 -3.280509 -0.691709 -0.440837 0.892968 -0.065784 -0.062799
1614647253.731164 -2.992733 -3.210917 -0.686003 -0.457457 0.883731 -0.076010 -0.063049
1614647253.831812 -3.077787 -3.143701 -0.691541 -0.479284 0.872788 -0.069228 -0.061120
1614647253.931891 -3.164353 -3.084356 -0.696328 -0.500152 0.861778 -0.062995 -0.056732
1614647254.032279 -3.256191 -3.030841 -0.695897 -0.518439 0.851240 -0.060706 -0.054103
1614647254.132690 -3.350971 -2.978295 -0.687492 -0.538863 0.838739 -0.064450 -0.044592
1614647254.232794 -3.453667 -2.925326 -0.672622 -0.560540 0.823460 -0.078356 -0.039604
1614647254.332586 -3.561605 -2.874353 -0.667462 -0.584338 0.806172 -0.088289 -0.028996
1614647254.432701 -3.671949 -2.837179 -0.673079 -0.605332 0.789719 -0.097483 -0.020354
1614647254.532517 -3.784462 -2.807861 -0.682403 -0.630305 0.771371 -0.085728 -0.018813
1614647254.631889 -3.903831 -2.786169 -0.683513 -0.642834 0.762484 -0.069325 -0.024018
1614647254.731385 -4.029263 -2.769513 -0.668314 -0.649345 0.757180 -0.069032 -0.016260
1614647254.830943 -4.169979 -2.758885 -0.650429 -0.648785 0.757459 -0.072631 -0.007651
1614647254.930932 -4.315412 -2.746098 -0.646344 -0.639723 0.765278 -0.071345 -0.003830
1614647255.030999 -4.455110 -2.727075 -0.658050 -0.634705 0.769746 -0.067710 0.007421
1614647255.131244 -4.589542 -2.705119 -0.670474 -0.619833 0.782129 -0.061724 0.016466
1614647255.231920 -4.719427 -2.679695 -0.675412 -0.611277 0.789416 -0.053725 0.016646
1614647255.332800 -4.846258 -2.648742 -0.670053 -0.604915 0.793864 -0.056099 0.026666
1614647255.434553 -4.977462 -2.608890 -0.663994 -0.596119 0.798901 -0.068467 0.041366
1614647255.533027 -5.102420 -2.565787 -0.669454 -0.590674 0.802258 -0.070555 0.050077
1614647255.632926 -5.222241 -2.519977 -0.689174 -0.582125 0.808538 -0.064141 0.057295
1614647255.734263 -5.336196 -2.474653 -0.709332 -0.564786 0.821778 -0.055946 0.050673
1614647255.832087 -5.437712 -2.426957 -0.718814 -0.549321 0.832440 -0.052844 0.049983
1614647255.931798 -5.542103 -2.374747 -0.717335 -0.529697 0.844226 -0.064018 0.051047
1614647256.031421 -5.650317 -2.316470 -0.716715 -0.501864 0.860348 -0.073876 0.049766
1614647256.131555 -5.751929 -2.252567 -0.724832 -0.470145 0.877615 -0.078247 0.051318
1614647256.231260 -5.841494 -2.183573 -0.741950 -0.432737 0.896711 -0.073205 0.057348
1614647256.331762 -5.918080 -2.107657 -0.755963 -0.403064 0.911539 -0.062341 0.052439
1614647256.432963 -5.984172 -2.025659 -0.758778 -0.383935 0.919872 -0.062694 0.049981
1614647256.532783 -6.045160 -1.935433 -0.748150 -0.359904 0.929699 -0.064555 0.044285
1614647256.632997 -6.100743 -1.832696 -0.734672 -0.339413 0.936968 -0.069239 0.045778
1614647256.733184 -6.152877 -1.724962 -0.730072 -0.322911 0.943157 -0.063196 0.046793
1614647256.832976 -6.198862 -1.620531 -0.735074 -0.310836 0.947900 -0.056646 0.040706
1614647256.932935 -6.240742 -1.515639 -0.740187 -0.296485 0.953427 -0.045066 0.032275
1614647257.032620 -6.278016 -1.410482 -0.741817 -0.277372 0.959529 -0.036426 0.032290
1614647257.132329 -6.312923 -1.303004 -0.734673 -0.260805 0.963722 -0.040319 0.039948
1614647257.232235 -6.353616 -1.188030 -0.725844 -0.241018 0.968566 -0.053881 0.029786
1614647257.332167 -6.387447 -1.066813 -0.729585 -0.216936 0.974186 -0.054883 0.029806
1614647257.432068 -6.411952 -0.949603 -0.742929 -0.194314 0.979010 -0.053831 0.029724
1614647257.531852 -6.429551 -0.833355 -0.757044 -0.164486 0.984733 -0.047189 0.031922
1614647257.632031 -6.440609 -0.719398 -0.764381 -0.142219 0.987896 -0.047588 0.039635
1614647257.732220 -6.448445 -0.602844 -0.761835 -0.119714 0.990433 -0.057816 0.037004
1614647257.834092 -6.450817 -0.481449 -0.760005 -0.104269 0.991976 -0.064513 0.030816
1614647257.933098 -6.451321 -0.367829 -0.767641 -0.100680 0.992158 -0.069531 0.025516
1614647258.033064 -6.451843 -0.255522 -0.780656 -0.097144 0.992710 -0.067436 0.023297
1614647258.133281 -6.453872 -0.142007 -0.788443 -0.096032 0.994209 -0.043366 0.021112
1614647258.232337 -6.455960 -0.027708 -0.786227 -0.082722 0.995495 -0.037511 0.027190
1614647258.332199 -6.457011 0.093471 -0.773848 -0.070832 0.995186 -0.053600 0.041399
1614647258.431747 -6.460999 0.227102 -0.766172 -0.055757 0.995806 -0.055522 0.046685
1614647258.532086 -6.461257 0.361462 -0.770652 -0.042077 0.995654 -0.072119 0.041258
1614647258.631976 -6.449695 0.496330 -0.785301 -0.024435 0.996228 -0.066068 0.050682
1614647258.731996 -6.430456 0.626457 -0.796630 -0.005085 0.996619 -0.051844 0.063535
1614647258.832016 -6.405532 0.754583 -0.794743 0.009322 0.995813 -0.050410 0.075689
1614647258.932037 -6.376789 0.886591 -0.781110 0.031695 0.995050 -0.067388 0.065802
1614647259.033009 -6.344154 1.018784 -0.767946 0.036069 0.995200 -0.070367 0.057657
1614647259.133147 -6.312418 1.140547 -0.763767 0.038197 0.995348 -0.069463 0.054757
1614647259.232938 -6.284573 1.258042 -0.763537 0.047633 0.996119 -0.052252 0.052423
1614647259.332768 -6.260270 1.371142 -0.754539 0.053113 0.996635 -0.036301 0.050800
1614647259.432639 -6.240917 1.483009 -0.728857 0.054197 0.996990 -0.034552 0.043348
1614647259.534686 -6.230376 1.601742 -0.692363 0.047314 0.997577 -0.045164 0.023701
1614647259.632298 -6.222778 1.725162 -0.669515 0.048342 0.997979 -0.037277 0.017662
1614647259.732111 -6.217135 1.849496 -0.664359 0.047246 0.998459 -0.022505 0.018492
1614647259.831814 -6.210501 1.968649 -0.668626 0.048333 0.998602 -0.004400 0.020931
1614647259.931777 -6.203400 2.085003 -0.673259 0.049222 0.998440 0.003428 0.026118
1614647260.032162 -6.197825 2.203727 -0.666713 0.041798 0.998880 -0.004659 0.021676
1614647260.132564 -6.190317 2.327126 -0.655014 0.031551 0.999291 -0.017961 0.009971
1614647260.232557 -6.179019 2.447706 -0.655089 0.022790 0.999312 -0.028379 0.007135
1614647260.334159 -6.170386 2.566099 -0.668134 0.014584 0.999124 -0.039147 0.002578
1614647260.433125 -6.165066 2.680690 -0.682965 0.001710 0.999794 -0.020228 0.000282
1614647260.532925 -6.164487 2.791949 -0.688879 -0.010872 0.999791 -0.016014 -0.006525
1614647260.632593 -6.167227 2.907760 -0.679884 -0.021173 0.999306 -0.027364 -0.013830
1614647260.732135 -6.172980 3.036621 -0.671808 -0.018730 0.999270 -0.028965 -0.016428
1614647260.831647 -6.179685 3.165460 -0.674107 -0.016029 0.999056 -0.033682 -0.022267
1614647260.931952 -6.183007 3.295285 -0.688941 -0.015123 0.999122 -0.029454 -0.025669
1614647261.032000 -6.179638 3.421744 -0.705532 -0.015214 0.999485 -0.020474 -0.019470
1614647261.132236 -6.175828 3.546017 -0.714458 -0.018351 0.999549 -0.017113 -0.016482
1614647261.232990 -6.172729 3.671088 -0.708778 -0.025658 0.998679 -0.036944 -0.024843
1614647261.333172 -6.168497 3.800856 -0.701934 -0.039714 0.997932 -0.041756 -0.028463
1614647261.433195 -6.167531 3.925059 -0.703791 -0.053835 0.996714 -0.051879 -0.031162
1614647261.532962 -6.169877 4.050978 -0.714639 -0.062145 0.996537 -0.047236 -0.028641
1614647261.632821 -6.175612 4.174616 -0.722392 -0.076698 0.996195 -0.029134 -0.029380
1614647261.732261 -6.183228 4.300013 -0.719158 -0.082144 0.996165 -0.021714 -0.020860
1614647261.831744 -6.197306 4.432991 -0.703936 -0.077182 0.996078 -0.033889 -0.026880
1614647261.931614 -6.214650 4.574476 -0.696143 -0.070122 0.996069 -0.043795 -0.031803
1614647262.031926 -6.225950 4.713504 -0.703755 -0.076164 0.996005 -0.042525 -0.019104
1614647262.131788 -6.236174 4.848349 -0.719670 -0.066162 0.996890 -0.040817 -0.012939
1614647262.232144 -6.241891 4.979723 -0.732181 -0.058872 0.997824 -0.028654 -0.007755
1614647262.334399 -6.244996 5.111655 -0.731920 -0.061801 0.997590 -0.031309 -0.003867
1614647262.432586 -6.246911 5.239869 -0.718595 -0.061444 0.996890 -0.049213 -0.003704
1614647262.532887 -6.246253 5.375027 -0.709574 -0.064981 0.996543 -0.051750 -0.001442
1614647262.633137 -6.245084 5.508094 -0.713535 -0.067293 0.996000 -0.058440 0.006290
1614647262.732473 -6.246161 5.638697 -0.722827 -0.062251 0.996691 -0.050736 0.012525
1614647262.832036 -6.247597 5.768152 -0.725041 -0.057561 0.997596 -0.033131 0.019767
1614647262.931852 -6.251275 5.899247 -0.710945 -0.051362 0.998129 -0.026137 0.020417
1614647263.032322 -6.258605 6.034601 -0.684914 -0.052894 0.997817 -0.035777 0.016820
1614647263.132441 -6.267221 6.177308 -0.665889 -0.047826 0.998034 -0.037082 0.016293
1614647263.231893 -6.272182 6.315758 -0.663509 -0.032707 0.998773 -0.028115 0.024355
1614647263.331933 -6.273093 6.450789 -0.670294 -0.018969 0.999057 -0.020762 0.033077
1614647263.433819 -6.270604 6.582013 -0.676868 -0.005388 0.999266 -0.015815 0.034476
1614647263.532162 -6.267048 6.705455 -0.675062 0.009684 0.999157 -0.023696 0.032090
1614647263.632702 -6.262806 6.832284 -0.665421 0.019263 0.998726 -0.037761 0.027392
1614647263.733076 -6.258048 6.958188 -0.661700 0.022190 0.998524 -0.044355 0.022142
1614647263.833079 -6.256709 7.075909 -0.669041 0.028681 0.997486 -0.063071 0.014850
1614647263.933352 -6.258055 7.192431 -0.681745 0.025496 0.998496 -0.047682 0.009039
1614647264.032994 -6.261631 7.305345 -0.688050 0.024541 0.999133 -0.033179 0.005507
1614647264.132904 -6.271664 7.418381 -0.675252 0.022218 0.999029 -0.038004 -0.001471
1614647264.232660 -6.286734 7.538592 -0.656954 0.023260 0.998738 -0.044469 0.001956
1614647264.332358 -6.304398 7.666241 -0.649173 0.031521 0.998351 -0.047926 0.002129
1614647264.432227 -6.320871 7.793960 -0.654378 0.034165 0.998462 -0.043647 0.000892
1614647264.532153 -6.332296 7.919245 -0.663183 0.041351 0.998697 -0.028473 0.009133
1614647264.632593 -6.340811 8.039938 -0.665359 0.045474 0.998667 -0.023114 0.007911
1614647264.732972 -6.346360 8.163958 -0.654076 0.044216 0.998617 -0.027993 0.004961
1614647264.832999 -6.350482 8.292253 -0.635896 0.040931 0.998671 -0.031156 -0.003050
1614647264.933705 -6.355849 8.412868 -0.624092 0.020121 0.998263 -0.054561 -0.009460
1614647265.033634 -6.363797 8.537063 -0.621607 0.004729 0.998349 -0.053320 -0.020853
1614647265.133064 -6.369479 8.663904 -0.624781 0.000422 0.999394 -0.028187 -0.020431
1614647265.232407 -6.374101 8.791557 -0.620535 0.002148 0.999774 -0.015438 -0.014463
1614647265.331714 -6.381246 8.924013 -0.600297 0.013257 0.999542 -0.025256 -0.010083
1614647265.431566 -6.390001 9.065983 -0.579818 0.026290 0.999259 -0.027418 -0.006135
1614647265.531842 -6.397400 9.198333 -0.577404 0.034388 0.998899 -0.031736 -0.003220
1614647265.632339 -6.401584 9.326234 -0.587090 0.045721 0.998399 -0.031415 -0.011035
1614647265.732491 -6.400113 9.450199 -0.597250 0.055128 0.998407 -0.009660 -0.007148
1614647265.834536 -6.399643 9.569390 -0.600482 0.058318 0.998065 -0.019530 -0.009163
1614647265.932954 -6.397164 9.689809 -0.595289 0.063757 0.997218 -0.035686 -0.014760
1614647266.033286 -6.391244 9.816272 -0.594076 0.061244 0.996963 -0.046679 -0.011598
1614647266.133112 -6.388306 9.934514 -0.605839 0.052184 0.997140 -0.053723 -0.010173
1614647266.234830 -6.387349 10.050350 -0.626016 0.046775 0.997207 -0.055608 -0.017273
1614647266.332677 -6.385579 10.158252 -0.644251 0.030892 0.998649 -0.039703 -0.013051
1614647266.432084 -6.386180 10.271093 -0.650208 0.029503 0.999015 -0.031413 -0.010550
1614647266.531570 -6.391030 10.386266 -0.642327 0.032116 0.998138 -0.049210 -0.016366
1614647266.630971 -6.397409 10.512938 -0.637648 0.045167 0.997165 -0.058109 -0.015650
1614647266.732900 -6.405223 10.642993 -0.647483 0.055745 0.996538 -0.059721 -0.015398
1614647266.831373 -6.411722 10.766146 -0.666548 0.070047 0.995381 -0.064843 -0.010277
1614647266.931938 -6.410315 10.889591 -0.683734 0.081635 0.995232 -0.053273 0.003157
1614647267.032466 -6.406540 11.010522 -0.689640 0.081773 0.995540 -0.046494 0.007244
1614647267.132594 -6.397966 11.132696 -0.681526 0.087767 0.994271 -0.059742 0.012365
1614647267.233189 -6.384217 11.261132 -0.673532 0.086556 0.993876 -0.066154 0.018502
1614647267.333089 -6.370172 11.387660 -0.677500 0.076614 0.994541 -0.066163 0.025323
1614647267.434709 -6.358283 11.512071 -0.688921 0.070854 0.995318 -0.061575 0.023033
1614647267.532668 -6.346312 11.629623 -0.700641 0.068488 0.996495 -0.039275 0.027661
1614647267.632207 -6.334111 11.746965 -0.701834 0.072081 0.996211 -0.042336 0.023983
1614647267.732116 -6.318930 11.869368 -0.691684 0.076636 0.995152 -0.057607 0.021946
1614647267.831981 -6.300994 12.001926 -0.687667 0.092722 0.993414 -0.064261 0.020067
1614647267.931711 -6.279774 12.131161 -0.695648 0.109665 0.991333 -0.070885 0.014422
1614647268.031861 -6.250251 12.256474 -0.711696 0.136181 0.987972 -0.071044 0.017879
1614647268.131984 -6.212234 12.374779 -0.722863 0.159610 0.985310 -0.053072 0.029547
1614647268.232726 -6.170497 12.486402 -0.718137 0.173215 0.982759 -0.056428 0.031597
1614647268.335344 -6.119280 12.598291 -0.703020 0.188503 0.978482 -0.076850 0.033665
1614647268.433557 -6.062363 12.708886 -0.692287 0.192207 0.977512 -0.079004 0.035842
1614647268.534299 -5.999684 12.817661 -0.693774 0.194368 0.976813 -0.081353 0.037936
1614647268.633269 -5.935378 12.922011 -0.701369 0.204791 0.975633 -0.070361 0.035350
1614647268.732463 -5.866111 13.019520 -0.708352 0.218992 0.973259 -0.051952 0.045932
1614647268.831893 -5.795423 13.112264 -0.703444 0.238765 0.968493 -0.056413 0.042787
1614647268.931600 -5.717903 13.205678 -0.687260 0.261307 0.961815 -0.073987 0.034022
1614647269.031502 -5.632131 13.303304 -0.678765 0.285275 0.954944 -0.078151 0.024344
1614647269.131743 -5.544575 13.393654 -0.683054 0.313898 0.945435 -0.087153 0.004930
1614647269.231597 -5.451100 13.472254 -0.693122 0.346059 0.933899 -0.089841 0.002197
1614647269.331918 -5.351846 13.538863 -0.700737 0.377750 0.922386 -0.079375 0.014443
1614647269.432175 -5.250988 13.597217 -0.697973 0.408536 0.909227 -0.078522 0.015451
1614647269.532825 -5.141180 13.648361 -0.681187 0.436979 0.895450 -0.084044 0.012443
1614647269.633131 -5.025473 13.693043 -0.665562 0.453705 0.886759 -0.088277 0.004167
1614647269.733739 -4.910444 13.729242 -0.663008 0.463661 0.880576 -0.097983 -0.002062
1614647269.835051 -4.795192 13.761339 -0.668199 0.480966 0.871534 -0.095388 0.001204
1614647269.932646 -4.686662 13.789247 -0.669459 0.498993 0.863038 -0.078291 0.006504
1614647270.032095 -4.575514 13.813988 -0.662058 0.518394 0.852086 -0.071993 0.005855
1614647270.131671 -4.458576 13.836486 -0.645011 0.539684 0.837939 -0.080974 0.006548
1614647270.231421 -4.337469 13.862532 -0.630292 0.562360 0.822400 -0.086018 -0.003235
1614647270.331538 -4.218133 13.886331 -0.628891 0.585985 0.805883 -0.083953 -0.011224
1614647270.433199 -4.105036 13.903539 -0.638095 0.612548 0.785604 -0.085893 -0.015291
1614647270.531603 -4.001249 13.911600 -0.646029 0.640463 0.763604 -0.081843 -0.004238
1614647270.632318 -3.901886 13.912707 -0.646235 0.662398 0.744866 -0.079702 0.007171
1614647270.732841 -3.804863 13.908231 -0.632860 0.682874 0.725124 -0.088736 0.001999
1614647270.833522 -3.703707 13.898832 -0.615738 0.695331 0.712282 -0.095431 -0.007861
1614647270.934358 -3.606012 13.886756 -0.608597 0.696751 0.709889 -0.102277 -0.011648
1614647271.033901 -3.511064 13.874880 -0.610398 0.703899 0.703161 -0.099573 -0.013263
1614647271.133896 -3.418604 13.861969 -0.611255 0.712930 0.695684 -0.088051 -0.001175
1614647271.232881 -3.329726 13.849259 -0.605102 0.722103 0.687260 -0.078499 0.008886
1614647271.332647 -3.239603 13.841057 -0.585194 0.730848 0.678507 -0.074036 -0.002791
1614647271.432370 -3.142062 13.835652 -0.562559 0.738460 0.669623 -0.077210 -0.017893
1614647271.532322 -3.042304 13.831342 -0.550543 0.746884 0.659747 -0.080079 -0.022036
1614647271.632443 -2.949031 13.828424 -0.551629 0.751589 0.654597 -0.080053 -0.014442
1614647271.732219 -2.858282 13.823725 -0.552946 0.761925 0.643206 -0.075612 -0.006258
1614647271.832606 -2.766784 13.816583 -0.545834 0.767803 0.637509 -0.063425 0.006095
1614647271.933147 -2.674121 13.808323 -0.525867 0.770183 0.634762 -0.062193 -0.005309
1614647272.033485 -2.572444 13.797041 -0.503705 0.766095 0.639940 -0.058249 -0.013513
1614647272.133512 -2.472295 13.785271 -0.492462 0.756424 0.651186 -0.056570 -0.024056
1614647272.233955 -2.374697 13.775380 -0.495389 0.745581 0.663358 -0.049959 -0.039616
1614647272.333295 -2.276507 13.765883 -0.505594 0.737159 0.673892 -0.034382 -0.035841
1614647272.434408 -2.172284 13.758019 -0.513468 0.729841 0.682422 -0.024408 -0.032196
1614647272.532111 -2.063940 13.752293 -0.512621 0.722982 0.689404 -0.022334 -0.038992
1614647272.631861 -1.941518 13.747880 -0.516134 0.721985 0.690047 -0.013513 -0.048893
1614647272.731545 -1.821221 13.743577 -0.533880 0.719222 0.692164 -0.003907 -0.060106
1614647272.831498 -1.701721 13.736799 -0.565303 0.718532 0.693072 -0.005719 -0.057712
1614647272.931665 -1.581108 13.731521 -0.598660 0.723909 0.688841 -0.000665 -0.038128
1614647273.031993 -1.463776 13.726123 -0.624523 0.723500 0.689539 0.002268 -0.032857
1614647273.132627 -1.343765 13.719132 -0.635914 0.718018 0.694756 -0.001429 -0.041977
1614647273.233110 -1.218191 13.711071 -0.644028 0.707737 0.704682 0.000457 -0.050314
1614647273.335475 -1.093418 13.703762 -0.661386 0.696458 0.714899 -0.003242 -0.062087
1614647273.432990 -0.976661 13.697095 -0.687607 0.688331 0.722666 -0.008154 -0.062356
1614647273.532834 -0.856291 13.695066 -0.711822 0.680556 0.731231 0.002513 -0.046252
1614647273.632286 -0.736128 13.694888 -0.721119 0.674515 0.736831 0.000496 -0.045933
1614647273.733412 -0.604466 13.696697 -0.713607 0.676033 0.735149 -0.009445 -0.049451
1614647273.830972 -0.466062 13.703426 -0.709774 0.687002 0.724375 -0.016029 -0.055239
1614647273.931456 -0.331291 13.707735 -0.716994 0.688458 0.723307 -0.022557 -0.048404
1614647274.031434 -0.212195 13.714599 -0.723488 0.689846 0.721221 -0.026759 -0.056886
1614647274.131818 -0.096061 13.717327 -0.723822 0.699282 0.713097 -0.024533 -0.043535
1614647274.232181 0.013142 13.721563 -0.712743 0.699412 0.713587 -0.025884 -0.030762
1614647274.332600 0.121710 13.729103 -0.688363 0.700137 0.712297 -0.030812 -0.038627
1614647274.433100 0.235518 13.736813 -0.667733 0.694170 0.717681 -0.028663 -0.047330
1614647274.532909 0.345744 13.745861 -0.659081 0.687254 0.723994 -0.028854 -0.051797
1614647274.632856 0.455814 13.756511 -0.661195 0.686401 0.724733 -0.032589 -0.050532
1614647274.732879 0.567198 13.769967 -0.663526 0.679958 0.731937 -0.018551 -0.039751
1614647274.832583 0.682250 13.784818 -0.658261 0.674551 0.737084 -0.009532 -0.039957
1614647274.931952 0.803590 13.799566 -0.650700 0.674572 0.736323 -0.019111 -0.049148
1614647275.031546 0.932041 13.815585 -0.651452 0.680561 0.729956 -0.028319 -0.056557
1614647275.133129 1.062517 13.829573 -0.665200 0.687616 0.722917 -0.026442 -0.062258
1614647275.231282 1.189118 13.838153 -0.684322 0.701373 0.710401 -0.021487 -0.054256
1614647275.332062 1.310362 13.842957 -0.702370 0.705163 0.708328 -0.011538 -0.029728
1614647275.432455 1.427034 13.847826 -0.704761 0.705584 0.707958 -0.016143 -0.026190
1614647275.532843 1.547319 13.852582 -0.695609 0.707210 0.705870 -0.017873 -0.035818
1614647275.633201 1.668658 13.854497 -0.691538 0.701893 0.710837 -0.022253 -0.039520
1614647275.733345 1.779598 13.861298 -0.703715 0.691961 0.720076 -0.039926 -0.032948
1614647275.832991 1.895887 13.864968 -0.717038 0.695825 0.715905 -0.048670 -0.030661
1614647275.932877 2.020426 13.861952 -0.719816 0.693167 0.720079 -0.030546 -0.008499
1614647276.032457 2.148739 13.859838 -0.703581 0.690792 0.722446 -0.026636 -0.012943
1614647276.132018 2.291422 13.860731 -0.686651 0.695281 0.717872 -0.027043 -0.022647
1614647276.231633 2.443715 13.860598 -0.682811 0.701856 0.711769 -0.020207 -0.019357
1614647276.331786 2.589206 13.857700 -0.694826 0.702022 0.711686 -0.020003 -0.016397
1614647276.431507 2.732728 13.848755 -0.708876 0.713228 0.700308 -0.025180 -0.015515
1614647276.531661 2.874904 13.834396 -0.718566 0.719811 0.693740 -0.024091 0.003972
1614647276.633276 3.016149 13.819897 -0.715049 0.730180 0.682550 -0.031038 -0.000022
1614647276.732041 3.157439 13.800203 -0.702584 0.739407 0.672363 -0.033808 -0.007909
1614647276.832211 3.298574 13.776071 -0.697765 0.744724 0.666058 -0.038206 -0.017148
1614647276.932345 3.435137 13.750828 -0.702738 0.750018 0.660129 -0.038208 -0.015583
1614647277.032557 3.568442 13.723024 -0.707846 0.754317 0.656016 -0.025412 -0.001944
1614647277.132326 3.693976 13.692852 -0.706640 0.758269 0.651566 -0.020237 0.008982
1614647277.231672 3.818216 13.660595 -0.692970 0.769771 0.637764 -0.026604 -0.001040
1614647277.331513 3.951096 13.624698 -0.675876 0.783994 0.619588 -0.036241 -0.012321
1614647277.431304 4.087612 13.586247 -0.670763 0.796880 0.602711 -0.037468 -0.017857
1614647277.531134 4.217081 13.544259 -0.678248 0.813054 0.580764 -0.037322 -0.016231
1614647277.631025 4.336191 13.495212 -0.685779 0.834415 0.549863 -0.036164 -0.009662
1614647277.731514 4.445372 13.440419 -0.685850 0.849667 0.525977 -0.037585 -0.001291
1614647277.832025 4.548356 13.383290 -0.673038 0.862058 0.504789 -0.044425 -0.008359
1614647277.932704 4.649759 13.323994 -0.653813 0.871284 0.487872 -0.046566 -0.026009
1614647278.033081 4.744272 13.262771 -0.642399 0.877795 0.475504 -0.049874 -0.029735
1614647278.133106 4.831865 13.202808 -0.642134 0.887535 0.456911 -0.052062 -0.028335
1614647278.232691 4.916704 13.142359 -0.642870 0.896852 0.439754 -0.044787 -0.016326
1614647278.332755 4.999160 13.083688 -0.639348 0.904444 0.425200 -0.034151 -0.004379
1614647278.432231 5.078603 13.023033 -0.624827 0.912006 0.408110 -0.038329 -0.014929
1614647278.532071 5.165402 12.957020 -0.606603 0.918940 0.390903 -0.046945 -0.023271
1614647278.631649 5.255634 12.891120 -0.596617 0.928787 0.364290 -0.047199 -0.049185
1614647278.731158 5.340636 12.820370 -0.599979 0.940852 0.329652 -0.047974 -0.061855
1614647278.831289 5.413820 12.745163 -0.605768 0.953251 0.294020 -0.046842 -0.051679
1614647278.931650 5.477731 12.670165 -0.607445 0.960940 0.271021 -0.045550 -0.032671
1614647279.032266 5.538102 12.596806 -0.595753 0.965981 0.253174 -0.042412 -0.031393
1614647279.132602 5.594756 12.519244 -0.577229 0.969228 0.239387 -0.044592 -0.036085
1614647279.233351 5.647801 12.439062 -0.570959 0.970279 0.232260 -0.056785 -0.037286
1614647279.332790 5.699218 12.362010 -0.575279 0.973206 0.218671 -0.059320 -0.039174
1614647279.432072 5.746978 12.282861 -0.581696 0.977487 0.202958 -0.053877 -0.020591
1614647279.531813 5.790018 12.201934 -0.584253 0.980809 0.189380 -0.044161 -0.014104
1614647279.631401 5.828823 12.112631 -0.576738 0.984266 0.169462 -0.047267 -0.016371
1614647279.730965 5.870622 12.018047 -0.564006 0.987097 0.149394 -0.051062 -0.026701
1614647279.831460 5.912414 11.919046 -0.560538 0.990152 0.127468 -0.046936 -0.033881
1614647279.931321 5.946764 11.825235 -0.568315 0.992095 0.111161 -0.046115 -0.035559
1614647280.031414 5.972545 11.730425 -0.578918 0.994946 0.082785 -0.049061 -0.028688
1614647280.131518 5.993758 11.635213 -0.584946 0.996839 0.060141 -0.051009 -0.009687
1614647280.234172 6.013172 11.538742 -0.580273 0.997718 0.044637 -0.049551 -0.010542
1614647280.332263 6.028529 11.442553 -0.569179 0.998349 0.029594 -0.043320 -0.023380
1614647280.432796 6.039278 11.337525 -0.566465 0.998279 0.019193 -0.046642 -0.029909
1614647280.532652 6.051561 11.236492 -0.574391 0.998501 0.016181 -0.042680 -0.030199
1614647280.632327 6.065783 11.134714 -0.584677 0.999001 0.005262 -0.033513 -0.029082
1614647280.732459 6.079956 11.029565 -0.591498 0.999383 0.006565 -0.033747 -0.007209
1614647280.832127 6.099457 10.923400 -0.587529 0.999584 0.004199 -0.025583 -0.012624
1614647280.931765 6.122550 10.808813 -0.581986 0.999143 -0.009660 -0.026762 -0.030048
1614647281.031634 6.146575 10.693825 -0.584174 0.998838 -0.020016 -0.025621 -0.035563
1614647281.131541 6.168978 10.581142 -0.597100 0.998497 -0.027495 -0.025159 -0.040191
1614647281.231381 6.183387 10.466662 -0.609655 0.997764 -0.046039 -0.032487 -0.035948
1614647281.331779 6.192927 10.351157 -0.614436 0.997821 -0.050208 -0.037963 -0.019756
1614647281.432409 6.202559 10.235063 -0.605363 0.997883 -0.052266 -0.029828 -0.024659
1614647281.532626 6.208171 10.111683 -0.593177 0.998077 -0.047231 -0.019872 -0.034877
1614647281.633509 6.218822 9.985391 -0.592554 0.998211 -0.036539 -0.012435 -0.045655
1614647281.732788 6.230977 9.859201 -0.604866 0.998662 -0.027380 -0.003795 -0.043705
1614647281.832637 6.244421 9.730485 -0.621861 0.999606 -0.012191 -0.003263 -0.025053
1614647281.932278 6.263446 9.599502 -0.632811 0.999685 -0.006439 0.002879 -0.024095
1614647282.031675 6.281778 9.456584 -0.632452 0.999670 -0.010835 0.008947 -0.021505
1614647282.130857 6.298988 9.309124 -0.636050 0.999511 -0.018352 0.009784 -0.023331
1614647282.230822 6.314265 9.167399 -0.650545 0.998919 -0.027805 0.007634 -0.036459
1614647282.330747 6.323854 9.026746 -0.673265 0.998471 -0.040938 0.009373 -0.035942
1614647282.431035 6.324291 8.890969 -0.693533 0.998302 -0.054580 0.000938 -0.020330
1614647282.531637 6.323572 8.765393 -0.697126 0.997987 -0.057770 -0.004237 -0.025805
1614647282.632142 6.321617 8.640278 -0.685010 0.997629 -0.059763 0.000488 -0.034138
1614647282.732375 6.318156 8.514447 -0.676179 0.997179 -0.066105 0.000522 -0.035560
1614647282.833045 6.322240 8.399181 -0.678732 0.996859 -0.058036 0.006509 -0.053493
1614647282.933042 6.323615 8.284923 -0.692271 0.997823 -0.045343 0.002725 -0.047817
1614647283.032763 6.327311 8.170371 -0.702902 0.999082 -0.031145 -0.008035 -0.028278
1614647283.132103 6.337040 8.052633 -0.694998 0.998952 -0.029752 -0.004008 -0.034553
1614647283.231513 6.346091 7.922487 -0.680622 0.999010 -0.027292 -0.006375 -0.034536
1614647283.331238 6.354927 7.785620 -0.674670 0.998534 -0.040416 -0.007372 -0.035241
1614647283.431088 6.363055 7.658821 -0.677866 0.998547 -0.038939 -0.009895 -0.035912
1614647283.530978 6.368899 7.529364 -0.680507 0.997954 -0.052235 -0.009624 -0.035598
1614647283.631219 6.370352 7.397256 -0.679226 0.997826 -0.063086 -0.012457 -0.014421
1614647283.732102 6.369667 7.266625 -0.666694 0.997996 -0.061588 -0.011331 -0.009061
1614647283.832452 6.368572 7.136946 -0.651200 0.997861 -0.058160 -0.007945 -0.028773
1614647283.932939 6.370281 7.010134 -0.648717 0.998405 -0.043387 0.005576 -0.035691
1614647284.033090 6.370926 6.890260 -0.659918 0.998261 -0.033138 0.024036 -0.042410
1614647284.133048 6.370132 6.771857 -0.673540 0.999453 -0.011113 0.010478 -0.029319
1614647284.232183 6.378665 6.642141 -0.674988 0.999580 -0.016956 0.010585 -0.021002
1614647284.331895 6.390255 6.506643 -0.668961 0.999499 -0.016532 0.006832 -0.026129
1614647284.431484 6.407933 6.363969 -0.667467 0.999137 -0.020743 0.012483 -0.033748
1614647284.531466 6.425091 6.227413 -0.679927 0.998852 -0.022420 0.005202 -0.042006
1614647284.630993 6.441238 6.097341 -0.695010 0.998651 -0.028026 0.004102 -0.043530
1614647284.731164 6.449263 5.971313 -0.704276 0.998875 -0.038103 -0.005792 -0.027621
1614647284.831659 6.455446 5.853181 -0.699950 0.998784 -0.039785 -0.008325 -0.027902
1614647284.931595 6.461156 5.738383 -0.681376 0.998205 -0.042844 -0.001382 -0.041827
1614647285.031976 6.465273 5.621741 -0.667520 0.997980 -0.041902 0.006369 -0.047333
1614647285.132179 6.468213 5.514996 -0.667017 0.997377 -0.032132 0.002862 -0.064802
1614647285.232588 6.472341 5.409346 -0.673754 0.997737 -0.024625 0.001205 -0.062550
1614647285.332256 6.478050 5.303958 -0.676604 0.998681 -0.019114 -0.000128 -0.047648
1614647285.432220 6.485953 5.192742 -0.667203 0.998830 -0.016977 0.002696 -0.045197
1614647285.531536 6.500089 5.072271 -0.650001 0.998256 -0.015776 0.015109 -0.054848
1614647285.631690 6.521058 4.937717 -0.646035 0.998084 -0.015002 0.032681 -0.050350
1614647285.731462 6.538836 4.808904 -0.656532 0.998689 -0.012457 0.030557 -0.039143
1614647285.833112 6.554721 4.682500 -0.673609 0.998984 -0.014973 0.022198 -0.036248
1614647285.931365 6.566707 4.561947 -0.686791 0.999396 -0.020071 0.013505 -0.024938
1614647286.031759 6.578481 4.441048 -0.688261 0.999431 -0.018206 0.012773 -0.025348
1614647286.132153 6.587845 4.317131 -0.681245 0.999018 -0.015907 0.012630 -0.039388
1614647286.232180 6.594185 4.189135 -0.681645 0.998904 -0.011326 0.011316 -0.043982
1614647286.332304 6.599711 4.063595 -0.689569 0.998378 -0.003194 0.013521 -0.055204
1614647286.432676 6.605634 3.937566 -0.698291 0.998983 0.005222 0.013159 -0.042815
1614647286.534350 6.613768 3.812750 -0.702771 0.999389 0.019481 0.014899 -0.024911
1614647286.631916 6.623523 3.691594 -0.694634 0.999001 0.022454 0.018746 -0.033778
1614647286.731554 6.635563 3.558200 -0.685258 0.998483 0.025173 0.019781 -0.044806
1614647286.831004 6.649464 3.421863 -0.689700 0.998053 0.018728 0.024529 -0.054198
1614647286.932671 6.662541 3.286350 -0.708556 0.998019 0.013771 0.029744 -0.053696
1614647287.030879 6.667171 3.157475 -0.728400 0.998824 0.002785 0.018309 -0.044805
1614647287.131286 6.670208 3.031509 -0.740407 0.999506 0.001988 0.010196 -0.029659
1614647287.231764 6.672111 2.907056 -0.737295 0.999387 -0.002366 0.006452 -0.034325
1614647287.333289 6.672163 2.779807 -0.728234 0.998811 -0.002248 0.008024 -0.048025
1614647287.432194 6.669182 2.661091 -0.730692 0.998447 0.004685 0.008821 -0.054799
1614647287.532559 6.667428 2.546570 -0.743133 0.998140 0.011713 0.012896 -0.058416
1614647287.632329 6.664102 2.431322 -0.754592 0.998848 0.020442 0.009970 -0.042248
1614647287.733777 6.663259 2.314059 -0.756496 0.999008 0.026746 0.008395 -0.034610
1614647287.831757 6.666140 2.194406 -0.742829 0.998520 0.029887 0.012425 -0.043696
1614647287.931171 6.669066 2.060718 -0.731017 0.998710 0.024014 0.007509 -0.044107
1614647288.030838 6.671792 1.930537 -0.729806 0.997996 0.014340 0.011609 -0.060521
1614647288.130626 6.669946 1.798332 -0.740328 0.998307 -0.000365 0.010687 -0.057166
1614647288.230864 6.661780 1.669921 -0.748875 0.999216 -0.013765 0.002245 -0.037052
1614647288.331315 6.654141 1.548447 -0.743859 0.999285 -0.020556 -0.002092 -0.031659
1614647288.431756 6.646579 1.424711 -0.726911 0.998515 -0.023760 -0.007031 -0.048507
1614647288.532300 6.638090 1.299118 -0.713530 0.998393 -0.021436 -0.009078 -0.051671
1614647288.632907 6.628673 1.185748 -0.708930 0.997449 -0.013276 -0.002298 -0.070098
1614647288.732783 6.616102 1.073628 -0.714127 0.997637 -0.009000 -0.000603 -0.068108
1614647288.832213 6.602138 0.960316 -0.718321 0.998841 -0.009958 -0.003694 -0.046954
1614647288.932150 6.587765 0.842128 -0.706536 0.999061 -0.016319 0.000702 -0.040132
1614647289.031546 6.574457 0.717473 -0.686228 0.998633 -0.024035 0.004278 -0.046216
1614647289.131314 6.564942 0.582588 -0.676604 0.998061 -0.034473 0.005225 -0.051567
1614647289.233168 6.558989 0.448045 -0.684017 0.997651 -0.039530 0.012634 -0.054500
1614647289.331216 6.549498 0.322130 -0.701032 0.996808 -0.057899 0.012539 -0.053518
1614647289.433323 6.533126 0.194935 -0.713716 0.997100 -0.066684 0.002591 -0.036575
1614647289.531811 6.518474 0.076622 -0.712547 0.996491 -0.074785 0.002893 -0.037465
1614647289.632263 6.499388 -0.043139 -0.700399 0.995434 -0.083634 0.005495 -0.045676
1614647289.732697 6.480601 -0.162827 -0.694749 0.995495 -0.081618 0.010796 -0.047031
1614647289.832873 6.466067 -0.274449 -0.702427 0.995420 -0.075599 0.015330 -0.056473
1614647289.932707 6.452919 -0.385459 -0.714633 0.996401 -0.073857 0.009905 -0.040411
1614647290.032355 6.441389 -0.493792 -0.717265 0.996991 -0.072301 0.005149 -0.027493
1614647290.132196 6.430449 -0.607846 -0.702373 0.996769 -0.072812 0.008507 -0.032827
1614647290.231555 6.421330 -0.735694 -0.683556 0.996095 -0.079658 0.010717 -0.036540
1614647290.331383 6.415854 -0.866342 -0.679588 0.994985 -0.087465 0.018135 -0.045003
1614647290.431506 6.408913 -0.995609 -0.689731 0.994389 -0.096556 0.019039 -0.038799
1614647290.531555 6.395869 -1.117224 -0.699105 0.993693 -0.107990 0.006644 -0.029460
1614647290.634005 6.380506 -1.235750 -0.702029 0.994045 -0.106822 -0.001949 -0.021462
1614647290.732456 6.364409 -1.351084 -0.690734 0.993224 -0.111714 0.002953 -0.031882
1614647290.832564 6.340316 -1.473203 -0.677183 0.992942 -0.111874 0.002495 -0.039305
1614647290.932872 6.316691 -1.588577 -0.675425 0.993295 -0.103916 0.004020 -0.050509
1614647291.032874 6.296696 -1.700769 -0.684541 0.993835 -0.099134 0.015389 -0.047200
1614647291.132206 6.273757 -1.809352 -0.694861 0.994659 -0.098979 0.007794 -0.028203
1614647291.233590 6.251579 -1.922512 -0.690751 0.993984 -0.105982 0.007721 -0.026527
1614647291.331719 6.233048 -2.039231 -0.675174 0.993364 -0.110350 0.017026 -0.027573
1614647291.431372 6.213730 -2.171604 -0.662950 0.992100 -0.120823 0.019034 -0.027875
1614647291.531425 6.197342 -2.304035 -0.667753 0.991265 -0.126592 0.017353 -0.032681
1614647291.631608 6.183719 -2.436038 -0.685005 0.990015 -0.138596 0.022024 -0.013301
1614647291.731928 6.166124 -2.552992 -0.703788 0.989755 -0.142186 0.012651 -0.002872
1614647291.832265 6.151841 -2.663173 -0.714510 0.989744 -0.142308 0.010287 -0.007069
1614647291.932105 6.133306 -2.774520 -0.714242 0.989165 -0.145193 0.010417 -0.019082
1614647292.032284 6.107349 -2.888523 -0.712794 0.989465 -0.140633 0.012461 -0.032046
1614647292.132456 6.079055 -2.999746 -0.720667 0.990552 -0.128776 0.013706 -0.045122
1614647292.232254 6.049922 -3.113703 -0.736866 0.990982 -0.127069 0.017609 -0.038699
1614647292.332022 6.014725 -3.228446 -0.750669 0.991851 -0.126426 0.003890 -0.015295
1614647292.431571 5.980637 -3.343213 -0.749368 0.991668 -0.127678 0.007851 -0.015226
1614647292.531243 5.941866 -3.466280 -0.737236 0.990079 -0.137021 0.011824 -0.028803
1614647292.631017 5.900125 -3.601471 -0.727768 0.988013 -0.149267 0.012210 -0.037413
1614647292.730923 5.859269 -3.736868 -0.732849 0.985247 -0.162633 0.015258 -0.051057
1614647292.830750 5.810929 -3.868662 -0.748260 0.980402 -0.189389 0.008055 -0.053662
1614647292.930943 5.750409 -3.989477 -0.759912 0.976810 -0.210792 -0.005516 -0.037128
1614647293.031679 5.683127 -4.106418 -0.758843 0.972765 -0.228953 -0.010149 -0.034729
1614647293.132064 5.606688 -4.219549 -0.744246 0.967455 -0.248672 -0.012178 -0.045217
1614647293.232037 5.521443 -4.330749 -0.730532 0.962363 -0.265747 -0.011196 -0.055780
1614647293.332244 5.434712 -4.433175 -0.729787 0.959432 -0.271848 -0.013102 -0.073605
1614647293.432368 5.344284 -4.531575 -0.738190 0.953559 -0.292561 -0.011024 -0.070799
1614647293.531818 5.251546 -4.619876 -0.747665 0.946669 -0.317452 -0.020882 -0.051049
1614647293.631088 5.158549 -4.701915 -0.744408 0.937068 -0.344413 -0.018744 -0.054147
1614647293.731223 5.058393 -4.785743 -0.729860 0.925958 -0.372138 -0.016646 -0.061955
1614647293.830974 4.952465 -4.870450 -0.717208 0.912053 -0.404848 -0.010880 -0.064344
1614647293.932800 4.842949 -4.946616 -0.717614 0.899299 -0.431865 -0.012672 -0.067775
1614647294.031197 4.737194 -5.005672 -0.723812 0.880466 -0.468988 -0.006095 -0.069226
1614647294.131668 4.623699 -5.048618 -0.727393 0.858048 -0.509220 -0.019821 -0.063684
1614647294.231380 4.512911 -5.083043 -0.720559 0.838179 -0.541024 -0.021927 -0.065323
1614647294.331711 4.401308 -5.108622 -0.704062 0.815954 -0.572786 -0.007671 -0.077946
1614647294.431879 4.287542 -5.125739 -0.692568 0.794315 -0.601726 -0.004458 -0.083478
1614647294.532209 4.180408 -5.137905 -0.691957 0.777447 -0.623757 -0.000449 -0.080648
1614647294.632415 4.080528 -5.143745 -0.697459 0.762111 -0.641954 0.008304 -0.083745
1614647294.732368 3.984258 -5.145416 -0.702106 0.747574 -0.660512 -0.000272 -0.069692
1614647294.832404 3.892018 -5.144047 -0.699193 0.731207 -0.679028 0.002616 -0.065190
1614647294.932144 3.795580 -5.141940 -0.686811 0.715278 -0.695242 0.013170 -0.069584
1614647295.031732 3.691339 -5.144059 -0.680879 -0.702645 0.707514 -0.020648 0.072721
1614647295.131681 3.589359 -5.149767 -0.690404 -0.689614 0.719667 -0.023105 0.077319
1614647295.231309 3.491428 -5.157558 -0.709038 -0.671022 0.736741 -0.027840 0.078534
1614647295.331452 3.394164 -5.158971 -0.725416 -0.655898 0.751117 -0.017461 0.072920
1614647295.431722 3.297122 -5.158689 -0.732055 -0.649038 0.757439 -0.014283 0.069509
1614647295.531778 3.194488 -5.156949 -0.726457 -0.635968 0.768318 -0.017868 0.070090
1614647295.632043 3.086114 -5.152817 -0.720515 -0.624113 0.777896 -0.020363 0.070328
1614647295.731741 2.978310 -5.149969 -0.724489 -0.614532 0.785159 -0.020006 0.073990
1614647295.831925 2.869226 -5.146744 -0.735553 -0.607910 0.790777 -0.012236 0.070477
1614647295.932115 2.765467 -5.144476 -0.743240 -0.605033 0.794082 0.005133 0.057818
1614647296.031782 2.665982 -5.144762 -0.739620 -0.599721 0.798513 0.000260 0.052081
1614647296.131534 2.560576 -5.143587 -0.725535 -0.586405 0.807973 -0.008485 0.056883
1614647296.231126 2.445290 -5.141234 -0.716786 -0.568414 0.820277 -0.002151 0.063618
1614647296.331648 2.337206 -5.140626 -0.719144 -0.562624 0.823811 -0.008375 0.068694
1614647296.431279 2.233068 -5.136119 -0.729648 -0.546300 0.835222 -0.010358 0.062069
1614647296.531459 2.133503 -5.122785 -0.739566 -0.531140 0.845491 0.002863 0.055023
1614647296.631600 2.035929 -5.108467 -0.740286 -0.521208 0.851985 0.003127 0.049541
1614647296.731907 1.936012 -5.087403 -0.734408 -0.510911 0.857762 -0.008198 0.056100
1614647296.832258 1.832237 -5.061803 -0.730683 -0.509441 0.858733 -0.012933 0.053669
1614647296.932432 1.731443 -5.038604 -0.735486 -0.508339 0.858874 -0.017632 0.060128
1614647297.032528 1.628788 -5.016350 -0.747373 -0.506916 0.859994 -0.009332 0.057967
1614647297.131910 1.525581 -4.998052 -0.753068 -0.507339 0.860639 -0.003158 0.043557
1614647297.231462 1.417823 -4.981203 -0.747575 -0.498710 0.866067 -0.002153 0.034790
1614647297.330960 1.300901 -4.961578 -0.733189 -0.481041 0.876149 -0.003628 0.030803
1614647297.430740 1.179653 -4.935380 -0.726925 -0.460088 0.886737 0.001044 0.044897
1614647297.531026 1.066055 -4.913701 -0.728751 -0.448072 0.892641 -0.010435 0.048115
1614647297.630976 0.957576 -4.886083 -0.737915 -0.431812 0.900835 -0.001244 0.045082
1614647297.731646 0.857466 -4.848131 -0.742755 -0.408497 0.911404 0.012926 0.048015
1614647297.831827 0.764572 -4.808605 -0.738662 -0.399194 0.915576 0.007302 0.048084
1614647297.932139 0.670218 -4.761027 -0.727001 -0.383510 0.922161 -0.005367 0.050110
1614647298.032414 0.575498 -4.703933 -0.720615 -0.374867 0.925401 -0.015396 0.053581
1614647298.132430 0.486198 -4.643957 -0.723266 -0.367140 0.927914 -0.025579 0.059410
1614647298.234044 0.397497 -4.578129 -0.732086 -0.353488 0.933412 -0.022225 0.057402
1614647298.332176 0.316103 -4.515543 -0.738889 -0.345738 0.937023 -0.005307 0.049254
1614647298.431772 0.235589 -4.453866 -0.734377 -0.335234 0.940991 -0.008820 0.045555
1614647298.531542 0.147643 -4.385559 -0.723311 -0.323173 0.945219 -0.016054 0.043154
1614647298.631365 0.055251 -4.310647 -0.719037 -0.306335 0.950602 -0.023861 0.044095
1614647298.731031 -0.033615 -4.236921 -0.723069 -0.284831 0.957426 -0.026687 0.038661
1614647298.831247 -0.114233 -4.158744 -0.732102 -0.254366 0.966159 -0.021495 0.037063
1614647298.931441 -0.183785 -4.075831 -0.738873 -0.233079 0.971389 -0.008389 0.044812
1614647299.031673 -0.251873 -3.990951 -0.733576 -0.217849 0.975166 -0.000961 0.039897
1614647299.132230 -0.316286 -3.898693 -0.718069 -0.197198 0.979667 -0.010559 0.035407
1614647299.232171 -0.375704 -3.797833 -0.707429 -0.179081 0.982896 -0.009859 0.041803
1614647299.332365 -0.430028 -3.699403 -0.705052 -0.164684 0.985467 -0.001562 0.041608
1614647299.432439 -0.479403 -3.602575 -0.707219 -0.152690 0.987534 0.007265 0.037544
1614647299.532642 -0.524523 -3.508573 -0.705244 -0.146866 0.988516 0.020403 0.029150
1614647299.634720 -0.570098 -3.413690 -0.693021 -0.147450 0.988763 0.006354 0.023783
1614647299.732265 -0.615984 -3.311710 -0.677632 -0.138081 0.990161 0.000712 0.022696
1614647299.831801 -0.660184 -3.208300 -0.672961 -0.123332 0.992026 -0.003080 0.025766
1614647299.930913 -0.700427 -3.109787 -0.679563 -0.090729 0.995379 -0.007797 0.030465
1614647300.032588 -0.733391 -3.008268 -0.689338 -0.063392 0.997450 -0.006084 0.032216
1614647300.131351 -0.754742 -2.911790 -0.696708 -0.050928 0.998008 -0.002325 0.037159
1614647300.231911 -0.773726 -2.812963 -0.694955 -0.035512 0.998798 -0.017812 0.028723
1614647300.334151 -0.783798 -2.704716 -0.690009 -0.029022 0.999154 -0.019784 0.021399
1614647300.432983 -0.789417 -2.601744 -0.692566 -0.020127 0.999179 -0.031436 0.015737
1614647300.533812 -0.792259 -2.497405 -0.704501 -0.014677 0.998887 -0.043036 0.012566
1614647300.632607 -0.791199 -2.393238 -0.718686 -0.009315 0.999397 -0.032754 0.006850
1614647300.732202 -0.789370 -2.292128 -0.730123 -0.000066 0.999742 -0.022599 0.002320
1614647300.832266 -0.787729 -2.189291 -0.726201 0.005781 0.999435 -0.033094 -0.000607
1614647300.932511 -0.785665 -2.082186 -0.717603 -0.003750 0.998946 -0.045518 -0.004547
1614647301.032662 -0.782711 -1.974970 -0.716000 -0.010014 0.998697 -0.047763 -0.014921
1614647301.131700 -0.778338 -1.870279 -0.722827 0.002519 0.999118 -0.036557 -0.020527
1614647301.231512 -0.766021 -1.771970 -0.728223 0.013332 0.999430 -0.028822 -0.011439
1614647301.332005 -0.749765 -1.678270 -0.723309 0.006719 0.999544 -0.027279 -0.011046
1614647301.431981 -0.728841 -1.584817 -0.704905 0.001513 0.999206 -0.036068 -0.016876
1614647301.532086 -0.700279 -1.486669 -0.685677 -0.004825 0.998740 -0.045408 -0.020821
1614647301.632649 -0.671036 -1.392241 -0.676858 -0.017381 0.997771 -0.060196 -0.022968
1614647301.732426 -0.640607 -1.299620 -0.681371 -0.025692 0.997421 -0.065314 -0.014999
1614647301.832102 -0.611190 -1.206925 -0.686134 -0.026427 0.998176 -0.051999 -0.015542
1614647301.932255 -0.577820 -1.117522 -0.685184 -0.033749 0.997748 -0.056131 -0.014459
1614647302.033743 -0.547660 -1.020498 -0.672151 -0.034452 0.996804 -0.067423 -0.025476
1614647302.132056 -0.517861 -0.917663 -0.658020 -0.040025 0.995059 -0.081737 -0.039676
1614647302.231752 -0.484886 -0.811873 -0.655681 -0.043944 0.993377 -0.094060 -0.049228
1614647302.332153 -0.451877 -0.716477 -0.670643 -0.054663 0.993060 -0.096859 -0.038239
1614647302.432384 -0.431292 -0.632832 -0.686569 -0.069083 0.993498 -0.083621 -0.034608
1614647302.532406 -0.415449 -0.561630 -0.694987 -0.090468 0.992658 -0.070789 -0.037885
1614647302.632910 -0.395135 -0.495522 -0.690809 -0.123170 0.989890 -0.062178 -0.032860
1614647302.733674 -0.379318 -0.434450 -0.679802 -0.181296 0.981596 -0.049462 -0.033969
1614647302.833299 -0.366290 -0.377014 -0.661169 -0.235005 0.970204 -0.049837 -0.031526
1614647302.933191 -0.352222 -0.327934 -0.640485 -0.299651 0.952524 -0.049530 -0.021303
1614647303.033172 -0.339643 -0.289969 -0.617821 -0.354589 0.934344 -0.035544 -0.001893
1614647303.130340 -0.331432 -0.262606 -0.588255 -0.371737 0.927782 -0.030373 0.010480
1614647303.229224 -0.322731 -0.244039 -0.554440 -0.383217 0.923257 -0.018261 0.020213
1614647303.328350 -0.312482 -0.231718 -0.510944 -0.375672 0.926262 0.002009 0.030092
1614647303.428904 -0.301155 -0.232413 -0.454322 -0.383140 0.923514 0.003069 0.017765
1614647303.530518 -0.291551 -0.229695 -0.396952 -0.404315 0.914585 0.003066 -0.007438
1614647303.631779 -0.280380 -0.224084 -0.347056 -0.425431 0.904879 -0.001253 -0.014194
1614647303.734334 -0.269526 -0.220686 -0.301241 -0.445439 0.894878 -0.017089 -0.022027
1614647303.833628 -0.250550 -0.220297 -0.267604 -0.482116 0.875392 -0.029708 -0.019276
1614647303.933407 -0.223336 -0.221047 -0.242736 -0.512134 0.858155 -0.033552 -0.012755
1614647304.032572 -0.187234 -0.214267 -0.230830 -0.531646 0.846583 -0.025483 -0.000284
1614647304.131751 -0.151764 -0.201527 -0.230478 -0.546208 0.837021 -0.032419 0.001454
1614647304.230762 -0.115474 -0.184715 -0.225722 -0.553044 0.830981 -0.059430 0.009050
1614647304.329689 -0.085099 -0.161123 -0.226502 -0.545105 0.834835 -0.070305 0.031119
1614647304.429848 -0.058582 -0.139320 -0.223153 -0.542301 0.833725 -0.092777 0.046950
1614647304.530324 -0.035512 -0.116426 -0.212655 -0.541351 0.834165 -0.099377 0.035098
1614647304.631501 -0.007016 -0.095816 -0.196649 -0.567647 0.816740 -0.100600 0.024333
1614647304.732024 0.014830 -0.080154 -0.178917 -0.581108 0.807164 -0.102501 0.017145
1614647304.831752 0.028781 -0.068688 -0.162796 -0.575219 0.810102 -0.110817 0.024032
1614647304.931809 0.038757 -0.057892 -0.150000 -0.578901 0.806865 -0.111700 0.036952
1614647305.031959 0.045030 -0.048134 -0.143840 -0.596999 0.795866 -0.088270 0.048973
1614647305.132433 0.056015 -0.042070 -0.137170 -0.623505 0.776524 -0.069360 0.058657
1614647305.232216 0.064377 -0.042296 -0.126597 -0.642513 0.761934 -0.055083 0.059996
1614647305.331767 0.068377 -0.043462 -0.115219 -0.647471 0.757441 -0.053927 0.064466
1614647305.431373 0.070406 -0.045932 -0.113292 -0.653620 0.750864 -0.067344 0.066703
1614647305.530942 0.067992 -0.046283 -0.105069 -0.661802 0.746087 -0.045737 0.057273
1614647305.630891 0.059082 -0.047210 -0.097633 -0.667343 0.743509 -0.014184 0.040582
1614647305.730880 0.051276 -0.049663 -0.092686 -0.671574 0.740250 -0.005013 0.031523
1614647305.830923 0.050164 -0.167955 -0.098722 -0.667613 0.743457 -0.002053 0.039504
1614647305.931101 0.019549 -0.155080 -0.029104 -0.665552 0.745223 -0.005766 0.040615
1614647306.031637 -0.000973 -0.111752 0.053999 -0.669105 0.742294 -0.017887 0.031282
1614647306.132059 -0.008676 -0.089052 0.087724 -0.670029 0.741161 -0.019182 0.037075
1614647306.233801 -0.006287 -0.062242 0.076644 -0.671935 0.739463 -0.021811 0.034950
1614647306.332160 0.007836 -0.031480 0.029991 -0.674777 0.737188 -0.018776 0.029618
1614647306.431813 0.012837 -0.035857 -0.004640 -0.675385 0.736621 -0.022038 0.027543
1614647306.531778 0.028905 -0.044692 -0.024621 -0.675069 0.736708 -0.025101 0.030220
1614647306.631658 0.037689 -0.065533 -0.038190 -0.674789 0.736867 -0.025225 0.032421
1614647306.731370 0.038227 -0.084885 -0.040576 -0.675233 0.736560 -0.025318 0.029976
1614647307.231957 0.038567 -0.053403 -0.037290 -0.675513 0.736284 -0.024999 0.030706
1614647307.831527 0.022882 -0.060771 -0.046635 -0.675806 0.736023 -0.025261 0.030308
1614647308.331661 0.035964 -0.047586 -0.040230 -0.675772 0.736062 -0.024903 0.030419
1614647308.833473 0.031893 -0.056385 -0.041179 -0.675939 0.735920 -0.024654 0.030345
1614647309.431672 0.042674 -0.064649 -0.034777 -0.675985 0.735889 -0.024466 0.030216
1614647309.931783 0.028387 -0.045690 -0.035925 -0.675957 0.735922 -0.024338 0.030144
1614647310.531611 0.044384 -0.044058 -0.038339 -0.676112 0.735798 -0.024003 0.029959
1614647311.031851 0.033419 -0.051315 -0.042920 -0.676039 0.735869 -0.024093 0.029807
1614647311.631703 0.024872 -0.046855 -0.044476 -0.676118 0.735787 -0.024215 0.029939
1614647312.131722 0.045414 -0.049533 -0.040859 -0.676108 0.735795 -0.024185 0.029972
