1614647201.933341
1614647202.532184
1614647203.032815
1614647203.632239
1614647204.132318
1614647204.632904
1614647205.232341
1614647205.332078
1614647205.432186
1614647205.534244
1614647205.632320
1614647205.732639
1614647205.832412
1614647205.932127
1614647206.032187
1614647206.132375
1614647206.231862
1614647206.331679
1614647206.431679
1614647206.531811
1614647206.633912
1614647206.731940
1614647206.832251
1614647206.931750
1614647207.032266
1614647207.132436
1614647207.232823
1614647207.333142
1614647207.433156
1614647207.532224
1614647207.631954
1614647207.732333
1614647207.832414
1614647207.932441
1614647208.032148
1614647208.132207
1614647208.231641
1614647208.331587
1614647208.431954
1614647208.531711
1614647208.632246
1614647208.732169
1614647208.832203
1614647208.932050
1614647209.031681
1614647209.131637
1614647209.232185
1614647209.332002
1614647209.431999
1614647209.531897
1614647209.632055
1614647209.732285
1614647209.833147
1614647209.933269
1614647210.033491
1614647210.132543
1614647210.231529
1614647210.330941
1614647210.430974
1614647210.531489
1614647210.631559
1614647210.732062
1614647210.832578
1614647210.933017
1614647211.033199
1614647211.132187
1614647211.232176
1614647211.331989
1614647211.431739
1614647211.531052
1614647211.630641
1614647211.730323
1614647211.830267
1614647211.933754
1614647212.031126
1614647212.131861
1614647212.232328
1614647212.334525
1614647212.432975
1614647212.533031
1614647212.632680
1614647212.732493
1614647212.831771
1614647212.930970
1614647213.030705
1614647213.130621
1614647213.230758
1614647213.331423
1614647213.432483
1614647213.534186
1614647213.632652
1614647213.732686
1614647213.834486
1614647213.932200
1614647214.031616
1614647214.131443
1614647214.231207
1614647214.331056
1614647214.431201
1614647214.531649
1614647214.632157
1614647214.732329
1614647214.832587
1614647214.932848
1614647215.033119
1614647215.132770
1614647215.232407
1614647215.331828
1614647215.431469
1614647215.531272
1614647215.633241
1614647215.731273
1614647215.831718
1614647215.932033
1614647216.032641
1614647216.132466
1614647216.232317
1614647216.331898
1614647216.431516
1614647216.531232
1614647216.631271
1614647216.731533
1614647216.831739
1614647216.931888
1614647217.031772
1614647217.132091
1614647217.232254
1614647217.332567
1614647217.432110
1614647217.531757
1614647217.631561
1614647217.731440
1614647217.831825
1614647217.932018
1614647218.031608
1614647218.131565
1614647218.231640
1614647218.331536
1614647218.431912
1614647218.532057
1614647218.632250
1614647218.731827
1614647218.831872
1614647218.933002
1614647219.031143
1614647219.131201
1614647219.231359
1614647219.331240
1614647219.431539
1614647219.531640
1614647219.631789
1614647219.731813
1614647219.831717
1614647219.931816
1614647220.031841
1614647220.131479
1614647220.231281
1614647220.331414
1614647220.431237
1614647220.531216
1614647220.631610
1614647220.732229
1614647220.832811
1614647220.932533
1614647221.032429
1614647221.132088
1614647221.232197
1614647221.332120
1614647221.431918
1614647221.531767
1614647221.630988
1614647221.730718
1614647221.830856
1614647221.931401
1614647222.031776
1614647222.132274
1614647222.231927
1614647222.332041
1614647222.431481
1614647222.531242
1614647222.631027
1614647222.730977
1614647222.833236
1614647222.931237
1614647223.031681
1614647223.132720
1614647223.231998
1614647223.332415
1614647223.432161
1614647223.531919
1614647223.631213
1614647223.730814
1614647223.831026
1614647223.930634
1614647224.030563
1614647224.130530
1614647224.230716
1614647224.330863
1614647224.431575
1614647224.531504
1614647224.631477
1614647224.731548
1614647224.831539
1614647224.931345
1614647225.031350
1614647225.131341
1614647225.231048
1614647225.330965
1614647225.431200
1614647225.531186
1614647225.631520
1614647225.731629
1614647225.831425
1614647225.930965
1614647226.030761
1614647226.130865
1614647226.230976
1614647226.331488
1614647226.431946
1614647226.531756
1614647226.631922
1614647226.733580
1614647226.832135
1614647226.932335
1614647227.031760
1614647227.131434
1614647227.230912
1614647227.330842
1614647227.430888
1614647227.530923
1614647227.630919
1614647227.730867
1614647227.831046
1614647227.931505
1614647228.033464
1614647228.131751
1614647228.231978
1614647228.332105
1614647228.432009
1614647228.531701
1614647228.631263
1614647228.733015
1614647228.830704
1614647228.930814
1614647229.031090
1614647229.130827
1614647229.231318
1614647229.331644
1614647229.431977
1614647229.531994
1614647229.631601
1614647229.731374
1614647229.830994
1614647229.931032
1614647230.031126
1614647230.131043
1614647230.231367
1614647230.333644
1614647230.431678
1614647230.531907
1614647230.631992
1614647230.732106
1614647230.832050
1614647230.931164
1614647231.031014
1614647231.130790
1614647231.230894
1614647231.330593
1614647231.430959
1614647231.531223
1614647231.631489
1614647231.731766
1614647231.832097
1614647231.932101
1614647232.033519
1614647232.131238
1614647232.232047
1614647232.330833
1614647232.430665
1614647232.530414
1614647232.630663
1614647232.730905
1614647232.831574
1614647232.932129
1614647233.032270
1614647233.131907
1614647233.231431
1614647233.331185
1614647233.431119
1614647233.531347
1614647233.630925
1614647233.731008
1614647233.831454
1614647233.931704
1614647234.032084
1614647234.131612
1614647234.231843
1614647234.331739
1614647234.433107
1614647234.531338
1614647234.631474
1614647234.731415
1614647234.831238
1614647234.931268
1614647235.031206
1614647235.131501
1614647235.231528
1614647235.331450
1614647235.431470
1614647235.531555
1614647235.631605
1614647235.731634
1614647235.831541
1614647235.931297
1614647236.030990
1614647236.130450
1614647236.230530
1614647236.330821
1614647236.431717
1614647236.531446
1614647236.631588
1614647236.731477
1614647236.831804
1614647236.934733
1614647237.032792
1614647237.132282
1614647237.232400
1614647237.332635
1614647237.433522
1614647237.533824
1614647237.633775
1614647237.733690
1614647237.833149
1614647237.932905
1614647238.032688
1614647238.132606
1614647238.232736
1614647238.332548
1614647238.432606
1614647238.532622
1614647238.633399
1614647238.733920
1614647238.833421
1614647238.933488
1614647239.033262
1614647239.133220
1614647239.233526
1614647239.333452
1614647239.433643
1614647239.532987
1614647239.632451
1614647239.731968
1614647239.832036
1614647239.932149
1614647240.033376
1614647240.133478
1614647240.233860
1614647240.333696
1614647240.433481
1614647240.533959
1614647240.633082
1614647240.732745
1614647240.834290
1614647240.932830
1614647241.032917
1614647241.133204
1614647241.233549
1614647241.333391
1614647241.433064
1614647241.533024
1614647241.633005
1614647241.733538
1614647241.832945
1614647241.932623
1614647242.032698
1614647242.132564
1614647242.232977
1614647242.333337
1614647242.433620
1614647242.533292
1614647242.632897
1614647242.732716
1614647242.833873
1614647242.932239
1614647243.032674
1614647243.132047
1614647243.232209
1614647243.332112
1614647243.432590
1614647243.532986
1614647243.633506
1614647243.733041
1614647243.832886
1614647243.932903
1614647244.032459
1614647244.132181
1614647244.231984
1614647244.332089
1614647244.432012
1614647244.532361
1614647244.634059
1614647244.732583
1614647244.833095
1614647244.932748
1614647245.034116
1614647245.132196
1614647245.232019
1614647245.331610
1614647245.431972
1614647245.531801
1614647245.631921
1614647245.732432
1614647245.832558
1614647245.934848
1614647246.033075
1614647246.132894
1614647246.232511
1614647246.334055
1614647246.431845
1614647246.533428
1614647246.631456
1614647246.733131
1614647246.831381
1614647246.933143
1614647247.031910
1614647247.132573
1614647247.232830
1614647247.332761
1614647247.433580
1614647247.532689
1614647247.632309
1614647247.731716
1614647247.831810
1614647247.931604
1614647248.031857
1614647248.131808
1614647248.231826
1614647248.332246
1614647248.432885
1614647248.532869
1614647248.632775
1614647248.732149
1614647248.832095
1614647248.931998
1614647249.031998
1614647249.131744
1614647249.233747
1614647249.332326
1614647249.432366
1614647249.532608
1614647249.632984
1614647249.732933
1614647249.832861
1614647249.932571
1614647250.032493
1614647250.131731
1614647250.231758
1614647250.331333
1614647250.431304
1614647250.532139
1614647250.632667
1614647250.732693
1614647250.832809
1614647250.932739
1614647251.032899
1614647251.132389
1614647251.232495
1614647251.332279
1614647251.432179
1614647251.531672
1614647251.632038
1614647251.732625
1614647251.832841
1614647251.933087
1614647252.033153
1614647252.132928
1614647252.232608
1614647252.332381
1614647252.432113
1614647252.532211
1614647252.631840
1614647252.731793
1614647252.832363
1614647252.933985
1614647253.033030
1614647253.134918
1614647253.233832
1614647253.333188
1614647253.432710
1614647253.531556
1614647253.632612
1614647253.731164
1614647253.831812
1614647253.931891
1614647254.032279
1614647254.132690
1614647254.232794
1614647254.332586
1614647254.432701
1614647254.532517
1614647254.631889
1614647254.731385
1614647254.830943
1614647254.930932
1614647255.030999
1614647255.131244
1614647255.231920
1614647255.332800
1614647255.434553
1614647255.533027
1614647255.632926
1614647255.734263
1614647255.832087
1614647255.931798
1614647256.031421
1614647256.131555
1614647256.231260
1614647256.331762
1614647256.432963
1614647256.532783
1614647256.632997
1614647256.733184
1614647256.832976
1614647256.932935
1614647257.032620
1614647257.132329
1614647257.232235
1614647257.332167
1614647257.432068
1614647257.531852
1614647257.632031
1614647257.732220
1614647257.834092
1614647257.933098
1614647258.033064
1614647258.133281
1614647258.232337
1614647258.332199
1614647258.431747
1614647258.532086
1614647258.631976
1614647258.731996
1614647258.832016
1614647258.932037
1614647259.033009
1614647259.133147
1614647259.232938
1614647259.332768
1614647259.432639
1614647259.534686
1614647259.632298
1614647259.732111
1614647259.831814
1614647259.931777
1614647260.032162
1614647260.132564
1614647260.232557
1614647260.334159
1614647260.433125
1614647260.532925
1614647260.632593
1614647260.732135
1614647260.831647
1614647260.931952
1614647261.032000
1614647261.132236
1614647261.232990
1614647261.333172
1614647261.433195
1614647261.532962
1614647261.632821
1614647261.732261
1614647261.831744
1614647261.931614
1614647262.031926
1614647262.131788
1614647262.232144
1614647262.334399
1614647262.432586
1614647262.532887
1614647262.633137
1614647262.732473
1614647262.832036
1614647262.931852
1614647263.032322
1614647263.132441
1614647263.231893
1614647263.331933
1614647263.433819
1614647263.532162
1614647263.632702
1614647263.733076
1614647263.833079
1614647263.933352
1614647264.032994
1614647264.132904
1614647264.232660
1614647264.332358
1614647264.432227
1614647264.532153
1614647264.632593
1614647264.732972
1614647264.832999
1614647264.933705
1614647265.033634
1614647265.133064
1614647265.232407
1614647265.331714
1614647265.431566
1614647265.531842
1614647265.632339
1614647265.732491
1614647265.834536
1614647265.932954
1614647266.033286
1614647266.133112
1614647266.234830
1614647266.332677
1614647266.432084
1614647266.531570
1614647266.630971
1614647266.732900
1614647266.831373
1614647266.931938
1614647267.032466
1614647267.132594
1614647267.233189
1614647267.333089
1614647267.434709
1614647267.532668
1614647267.632207
1614647267.732116
1614647267.831981
1614647267.931711
1614647268.031861
1614647268.131984
1614647268.232726
1614647268.335344
1614647268.433557
1614647268.534299
1614647268.633269
1614647268.732463
1614647268.831893
1614647268.931600
1614647269.031502
1614647269.131743
1614647269.231597
1614647269.331918
1614647269.432175
1614647269.532825
1614647269.633131
1614647269.733739
1614647269.835051
1614647269.932646
1614647270.032095
1614647270.131671
1614647270.231421
1614647270.331538
1614647270.433199
1614647270.531603
1614647270.632318
1614647270.732841
1614647270.833522
1614647270.934358
1614647271.033901
1614647271.133896
1614647271.232881
1614647271.332647
1614647271.432370
1614647271.532322
1614647271.632443
1614647271.732219
1614647271.832606
1614647271.933147
1614647272.033485
1614647272.133512
1614647272.233955
1614647272.333295
1614647272.434408
1614647272.532111
1614647272.631861
1614647272.731545
1614647272.831498
1614647272.931665
1614647273.031993
1614647273.132627
1614647273.233110
1614647273.335475
1614647273.432990
1614647273.532834
1614647273.632286
1614647273.733412
1614647273.830972
1614647273.931456
1614647274.031434
1614647274.131818
1614647274.232181
1614647274.332600
1614647274.433100
1614647274.532909
1614647274.632856
1614647274.732879
1614647274.832583
1614647274.931952
1614647275.031546
1614647275.133129
1614647275.231282
1614647275.332062
1614647275.432455
1614647275.532843
1614647275.633201
1614647275.733345
1614647275.832991
1614647275.932877
1614647276.032457
1614647276.132018
1614647276.231633
1614647276.331786
1614647276.431507
1614647276.531661
1614647276.633276
1614647276.732041
1614647276.832211
1614647276.932345
1614647277.032557
1614647277.132326
1614647277.231672
1614647277.331513
1614647277.431304
1614647277.531134
1614647277.631025
1614647277.731514
1614647277.832025
1614647277.932704
1614647278.033081
1614647278.133106
1614647278.232691
1614647278.332755
1614647278.432231
1614647278.532071
1614647278.631649
1614647278.731158
1614647278.831289
1614647278.931650
1614647279.032266
1614647279.132602
1614647279.233351
1614647279.332790
1614647279.432072
1614647279.531813
1614647279.631401
1614647279.730965
1614647279.831460
1614647279.931321
1614647280.031414
1614647280.131518
1614647280.234172
1614647280.332263
1614647280.432796
1614647280.532652
1614647280.632327
1614647280.732459
1614647280.832127
1614647280.931765
1614647281.031634
1614647281.131541
1614647281.231381
1614647281.331779
1614647281.432409
1614647281.532626
1614647281.633509
1614647281.732788
1614647281.832637
1614647281.932278
1614647282.031675
1614647282.130857
1614647282.230822
1614647282.330747
1614647282.431035
1614647282.531637
1614647282.632142
1614647282.732375
1614647282.833045
1614647282.933042
1614647283.032763
1614647283.132103
1614647283.231513
1614647283.331238
1614647283.431088
1614647283.530978
1614647283.631219
1614647283.732102
1614647283.832452
1614647283.932939
1614647284.033090
1614647284.133048
1614647284.232183
1614647284.331895
1614647284.431484
1614647284.531466
1614647284.630993
1614647284.731164
1614647284.831659
1614647284.931595
1614647285.031976
1614647285.132179
1614647285.232588
1614647285.332256
1614647285.432220
1614647285.531536
1614647285.631690
1614647285.731462
1614647285.833112
1614647285.931365
1614647286.031759
1614647286.132153
1614647286.232180
1614647286.332304
1614647286.432676
1614647286.534350
1614647286.631916
1614647286.731554
1614647286.831004
1614647286.932671
1614647287.030879
1614647287.131286
1614647287.231764
1614647287.333289
1614647287.432194
1614647287.532559
1614647287.632329
1614647287.733777
1614647287.831757
1614647287.931171
1614647288.030838
1614647288.130626
1614647288.230864
1614647288.331315
1614647288.431756
1614647288.532300
1614647288.632907
1614647288.732783
1614647288.832213
1614647288.932150
1614647289.031546
1614647289.131314
1614647289.233168
1614647289.331216
1614647289.433323
1614647289.531811
1614647289.632263
1614647289.732697
1614647289.832873
1614647289.932707
1614647290.032355
1614647290.132196
1614647290.231555
1614647290.331383
1614647290.431506
1614647290.531555
1614647290.634005
1614647290.732456
1614647290.832564
1614647290.932872
1614647291.032874
1614647291.132206
1614647291.233590
1614647291.331719
1614647291.431372
1614647291.531425
1614647291.631608
1614647291.731928
1614647291.832265
1614647291.932105
1614647292.032284
1614647292.132456
1614647292.232254
1614647292.332022
1614647292.431571
1614647292.531243
1614647292.631017
1614647292.730923
1614647292.830750
1614647292.930943
1614647293.031679
1614647293.132064
1614647293.232037
1614647293.332244
1614647293.432368
1614647293.531818
1614647293.631088
1614647293.731223
1614647293.830974
1614647293.932800
1614647294.031197
1614647294.131668
1614647294.231380
1614647294.331711
1614647294.431879
1614647294.532209
1614647294.632415
1614647294.732368
1614647294.832404
1614647294.932144
1614647295.031732
1614647295.131681
1614647295.231309
1614647295.331452
1614647295.431722
1614647295.531778
1614647295.632043
1614647295.731741
1614647295.831925
1614647295.932115
1614647296.031782
1614647296.131534
1614647296.231126
1614647296.331648
1614647296.431279
1614647296.531459
1614647296.631600
1614647296.731907
1614647296.832258
1614647296.932432
1614647297.032528
1614647297.131910
1614647297.231462
1614647297.330960
1614647297.430740
1614647297.531026
1614647297.630976
1614647297.731646
1614647297.831827
1614647297.932139
1614647298.032414
1614647298.132430
1614647298.234044
1614647298.332176
1614647298.431772
1614647298.531542
1614647298.631365
1614647298.731031
1614647298.831247
1614647298.931441
1614647299.031673
1614647299.132230
1614647299.232171
1614647299.332365
1614647299.432439
1614647299.532642
1614647299.634720
1614647299.732265
1614647299.831801
1614647299.930913
1614647300.032588
1614647300.131351
1614647300.231911
1614647300.334151
1614647300.432983
1614647300.533812
1614647300.632607
1614647300.732202
1614647300.832266
1614647300.932511
1614647301.032662
1614647301.131700
1614647301.231512
1614647301.332005
1614647301.431981
1614647301.532086
1614647301.632649
1614647301.732426
1614647301.832102
1614647301.932255
1614647302.033743
1614647302.132056
1614647302.231752
1614647302.332153
1614647302.432384
1614647302.532406
1614647302.632910
1614647302.733674
1614647302.833299
1614647302.933191
1614647303.033172
1614647303.130340
1614647303.229224
1614647303.328350
1614647303.428904
1614647303.530518
1614647303.631779
1614647303.734334
1614647303.833628
1614647303.933407
1614647304.032572
1614647304.131751
1614647304.230762
1614647304.329689
1614647304.429848
1614647304.530324
1614647304.631501
1614647304.732024
1614647304.831752
1614647304.931809
1614647305.031959
1614647305.132433
1614647305.232216
1614647305.331767
1614647305.431373
1614647305.530942
1614647305.630891
1614647305.730880
1614647305.830923
1614647305.931101
1614647306.031637
1614647306.132059
1614647306.233801
1614647306.332160
1614647306.431813
1614647306.531778
1614647306.631658
1614647306.731370
1614647307.231957
1614647307.831527
1614647308.331661
1614647308.833473
1614647309.431672
1614647309.931783
1614647310.531611
1614647311.031851
1614647311.631703
1614647312.131722
