1608587617.745175
1608587617.846480
1608587617.946310
1608587618.046807
1608587618.146862
1608587618.246920
1608587618.346584
1608587618.446354
1608587618.546132
1608587618.646297
1608587618.746649
1608587618.846468
1608587618.946768
1608587619.046058
1608587619.145291
1608587619.244826
1608587619.344711
1608587619.445299
1608587619.545981
1608587619.646230
1608587619.746260
1608587619.846142
1608587619.946590
1608587620.046374
1608587620.146601
1608587620.246886
1608587620.347070
1608587620.446785
1608587620.546509
1608587620.645858
1608587620.745936
1608587620.845810
1608587620.946103
1608587621.046293
1608587621.146474
1608587621.246642
1608587621.346724
1608587621.446815
1608587621.547038
1608587621.647288
1608587621.747538
1608587621.847134
1608587621.946451
1608587622.045599
1608587622.145213
1608587622.245085
1608587622.345433
1608587622.445910
1608587622.546374
1608587622.646735
1608587622.746701
1608587622.846874
1608587622.946798
1608587623.046660
1608587623.146498
1608587623.246058
1608587623.345886
1608587623.446850
1608587623.545774
1608587623.646091
1608587623.746705
1608587623.847189
1608587623.947424
1608587624.047165
1608587624.146733
1608587624.246086
1608587624.346020
1608587624.445182
1608587624.544867
1608587624.644392
1608587624.744867
1608587624.845116
1608587624.945862
1608587625.046360
1608587625.146656
1608587625.247036
1608587625.346988
1608587625.446816
1608587625.546232
1608587625.645873
1608587625.745327
1608587625.845166
1608587625.945156
1608587626.045180
1608587626.145897
1608587626.246823
1608587626.347157
1608587626.447514
1608587626.547563
1608587626.647096
1608587626.746517
1608587626.846357
1608587626.946497
1608587627.046600
1608587627.148201
1608587627.246400
1608587627.347012
1608587627.448135
1608587627.546555
1608587627.646584
1608587627.746615
1608587627.847942
1608587627.947110
1608587628.046928
1608587628.146492
1608587628.246034
1608587628.346015
1608587628.446046
1608587628.545998
1608587628.646915
1608587628.746890
1608587628.846791
1608587628.946850
1608587629.046775
1608587629.147995
1608587629.246535
1608587629.346245
1608587629.446271
1608587629.546186
1608587629.645902
1608587629.746003
1608587629.846010
1608587629.945856
1608587630.045638
1608587630.145703
1608587630.245909
1608587630.346607
1608587630.447067
1608587630.546265
1608587630.646794
1608587630.746426
1608587630.846073
1608587630.946100
1608587631.047059
1608587631.146413
1608587631.246719
1608587631.346811
1608587631.446824
1608587631.545991
1608587631.646224
1608587631.745814
1608587631.845687
1608587631.945617
1608587632.046246
1608587632.145974
1608587632.247810
1608587632.346267
1608587632.446407
1608587632.546832
1608587632.646789
1608587632.746619
1608587632.846327
1608587632.945927
1608587633.045764
1608587633.145581
1608587633.245255
1608587633.345144
1608587633.446941
1608587633.545496
1608587633.646067
1608587633.746721
1608587633.846896
1608587633.946882
1608587634.046508
1608587634.146143
1608587634.246091
1608587634.346168
1608587634.445696
1608587634.545690
1608587634.645469
1608587634.745531
1608587634.845406
1608587634.945374
1608587635.045554
1608587635.145707
1608587635.246063
1608587635.345652
1608587635.445658
1608587635.546040
1608587635.646084
1608587635.745777
1608587635.846011
1608587635.945819
1608587636.045906
1608587636.145627
1608587636.245807
1608587636.345786
1608587636.446023
1608587636.545905
1608587636.645798
1608587636.745714
1608587636.846600
1608587636.944884
1608587637.044626
1608587637.144941
1608587637.245667
1608587637.345975
1608587637.446135
1608587637.546335
1608587637.646270
1608587637.745585
1608587637.845415
1608587637.945265
1608587638.045112
1608587638.144923
1608587638.245166
1608587638.345239
1608587638.446793
1608587638.546216
1608587638.646493
1608587638.746686
1608587638.847928
1608587638.947048
1608587639.046746
1608587639.147138
1608587639.245376
1608587639.344791
1608587639.445079
1608587639.546512
1608587639.646287
1608587639.746219
1608587639.846123
1608587639.946239
1608587640.046790
1608587640.146573
1608587640.246459
1608587640.345834
1608587640.445039
1608587640.544698
1608587640.644422
1608587640.744355
1608587640.844289
1608587640.944263
1608587641.044252
1608587641.144901
1608587641.245126
1608587641.345317
1608587641.445505
1608587641.545510
1608587641.645683
1608587641.745398
1608587641.845690
1608587641.945892
1608587642.046472
1608587642.146519
1608587642.246644
1608587642.346797
1608587642.446410
1608587642.546075
1608587642.645208
1608587642.744574
1608587642.844341
1608587642.943912
1608587643.044374
1608587643.145099
1608587643.245473
1608587643.345983
1608587643.446479
1608587643.546130
1608587643.646800
1608587643.746537
1608587643.845943
1608587643.945345
1608587644.044537
1608587644.145458
1608587644.244314
1608587644.344440
1608587644.445029
1608587644.545859
1608587644.645859
1608587644.745512
1608587644.845498
1608587644.946038
1608587645.045470
1608587645.145397
1608587645.245184
1608587645.345171
1608587645.444617
1608587645.544313
1608587645.644366
1608587645.744356
1608587645.845073
1608587645.946025
1608587646.047872
1608587646.146557
1608587646.247340
1608587646.345901
1608587646.445356
1608587646.545206
1608587646.645115
1608587646.745853
1608587646.847397
1608587646.946331
1608587647.046317
1608587647.146121
1608587647.246205
1608587647.345674
1608587647.445678
1608587647.545609
1608587647.645244
1608587647.745454
1608587647.845226
1608587647.945264
1608587648.044868
1608587648.145195
1608587648.245972
1608587648.346471
1608587648.446467
1608587648.546404
1608587648.646338
1608587648.745855
1608587648.845124
1608587648.944790
1608587649.044649
1608587649.144637
1608587649.245201
1608587649.345308
1608587649.445681
1608587649.545940
1608587649.646290
1608587649.745821
1608587649.845285
1608587649.945347
1608587650.045165
1608587650.145219
1608587650.244801
1608587650.344706
1608587650.444761
1608587650.545283
1608587650.645936
1608587650.746139
1608587650.846280
1608587650.946278
1608587651.046238
1608587651.145719
1608587651.245368
1608587651.345258
1608587651.445350
1608587651.545525
1608587651.645732
1608587651.746744
1608587651.845679
1608587651.946111
1608587652.046391
1608587652.146550
1608587652.246572
1608587652.345997
1608587652.445621
1608587652.545039
1608587652.644773
1608587652.744843
1608587652.844842
1608587652.945172
1608587653.045427
1608587653.145957
1608587653.246162
1608587653.346247
1608587653.446316
1608587653.545934
1608587653.645573
1608587653.745277
1608587653.845161
1608587653.944530
1608587654.044697
1608587654.144886
1608587654.245043
1608587654.345272
1608587654.445799
1608587654.546035
1608587654.646315
1608587654.746303
1608587654.846079
1608587654.945345
1608587655.044906
1608587655.144395
1608587655.244245
1608587655.344363
1608587655.445010
1608587655.545556
1608587655.645789
1608587655.745925
1608587655.846165
1608587655.945978
1608587656.045321
1608587656.144740
1608587656.244361
1608587656.344354
1608587656.445096
1608587656.545424
1608587656.645464
1608587656.745842
1608587656.845834
1608587656.945835
1608587657.045998
1608587657.146106
1608587657.245883
1608587657.345291
1608587657.444810
1608587657.544550
1608587657.644275
1608587657.744359
1608587657.844220
1608587657.944363
1608587658.044442
1608587658.144483
1608587658.245211
1608587658.345243
1608587658.445494
1608587658.545159
1608587658.645181
1608587658.745109
1608587658.844998
1608587658.944603
1608587659.044858
1608587659.144828
1608587659.244757
1608587659.344720
1608587659.444330
1608587659.544457
1608587659.644869
1608587659.744729
1608587659.844656
1608587659.944746
1608587660.045289
1608587660.145089
1608587660.244878
1608587660.344724
1608587660.445005
1608587660.545430
1608587660.645777
1608587660.746284
1608587660.845886
1608587660.945068
1608587661.044531
1608587661.144357
1608587661.244451
1608587661.344697
1608587661.444798
1608587661.544720
1608587661.644831
1608587661.745073
1608587661.845490
1608587661.945625
1608587662.045546
1608587662.145214
1608587662.244660
1608587662.344349
1608587662.444401
1608587662.544346
1608587662.644383
1608587662.744479
1608587662.844666
1608587662.945127
1608587663.045760
1608587663.146075
1608587663.245570
1608587663.344907
1608587663.444390
1608587663.544320
1608587663.644383
1608587663.744340
1608587663.844428
1608587663.944591
1608587664.045132
1608587664.145086
1608587664.245041
1608587664.344891
1608587664.444830
1608587664.544311
1608587664.644362
1608587664.743862
1608587664.843955
1608587664.943979
1608587665.044161
1608587665.144247
1608587665.244819
1608587665.345117
1608587665.444910
1608587665.544575
1608587665.644782
1608587665.744481
1608587665.844287
1608587665.943795
1608587666.043394
1608587666.143536
1608587666.243747
1608587666.344329
1608587666.444790
1608587666.545056
1608587666.644997
1608587666.744897
1608587666.844402
1608587666.943764
1608587667.044060
1608587667.143765
1608587667.243843
1608587667.344065
1608587667.444418
1608587667.544974
1608587667.645288
1608587667.745546
1608587667.845930
1608587667.945404
1608587668.045014
1608587668.144785
1608587668.244491
1608587668.344303
1608587668.444339
1608587668.543825
1608587668.644006
1608587668.744227
1608587668.844418
1608587668.944349
1608587669.044754
1608587669.144423
1608587669.244493
1608587669.344619
1608587669.444451
1608587669.544516
1608587669.644603
1608587669.744902
1608587669.845153
1608587669.945036
1608587670.045228
1608587670.145023
1608587670.245091
1608587670.345077
1608587670.445345
1608587670.544704
1608587670.644125
1608587670.744150
1608587670.844005
1608587670.944484
1608587671.044813
1608587671.144955
1608587671.245195
1608587671.344910
1608587671.444969
1608587671.544438
1608587671.644026
1608587671.744105
1608587671.844180
1608587671.944690
1608587672.045072
1608587672.145445
1608587672.245306
1608587672.345426
1608587672.445397
1608587672.545314
1608587672.644745
1608587672.744012
1608587672.843827
1608587672.943808
1608587673.044243
1608587673.144673
1608587673.245059
1608587673.344945
1608587673.445209
1608587673.545066
1608587673.645317
1608587673.745107
1608587673.844685
1608587673.944377
1608587674.044584
1608587674.144770
1608587674.244831
1608587674.344648
1608587674.444444
1608587674.544260
1608587674.644454
1608587674.743891
1608587674.843993
1608587674.943686
1608587675.043702
1608587675.143713
1608587675.243864
1608587675.343963
1608587675.444458
1608587675.544707
1608587675.644935
1608587675.744859
1608587675.844892
1608587675.945216
1608587676.045327
1608587676.144857
1608587676.244852
1608587676.344757
1608587676.444704
1608587676.545248
1608587676.645111
1608587676.744654
1608587676.844695
1608587676.944230
1608587677.044299
1608587677.144308
1608587677.244426
1608587677.344183
1608587677.443823
1608587677.543794
1608587677.644259
1608587677.744590
1608587677.844578
1608587677.944628
1608587678.044605
1608587678.144566
1608587678.244767
1608587678.344688
1608587678.444546
1608587678.544103
1608587678.643798
1608587678.744148
1608587678.843782
1608587678.943813
1608587679.043957
1608587679.144253
1608587679.244693
1608587679.344830
1608587679.444664
1608587679.544424
1608587679.643806
1608587679.743718
1608587679.843952
1608587679.943915
1608587680.043653
1608587680.143903
1608587680.243860
1608587680.344219
1608587680.444959
1608587680.545775
1608587680.645793
1608587680.745809
1608587680.845112
1608587680.944537
1608587681.044204
1608587681.143781
1608587681.243698
1608587681.343736
1608587681.444016
1608587681.544441
1608587681.644768
1608587681.745063
1608587681.845324
1608587681.945722
1608587682.045557
1608587682.145168
1608587682.244963
1608587682.344660
1608587682.444745
1608587682.544371
1608587682.644565
1608587682.744725
1608587682.845211
1608587682.945275
1608587683.045225
1608587683.145322
1608587683.245500
1608587683.345267
1608587683.445070
1608587683.544221
1608587683.643601
1608587683.743729
1608587683.843905
1608587683.943962
1608587684.044282
1608587684.144666
1608587684.244721
1608587684.344923
1608587684.445551
1608587684.545092
1608587684.644675
1608587684.744339
1608587684.844162
1608587684.943702
1608587685.043701
1608587685.143997
1608587685.244376
1608587685.344153
1608587685.444147
1608587685.544286
1608587685.644564
1608587685.744423
1608587685.845680
1608587685.944149
1608587686.043912
1608587686.144137
1608587686.243824
1608587686.343936
1608587686.443930
1608587686.543907
1608587686.643885
1608587686.744230
1608587686.844264
1608587686.944249
1608587687.044415
1608587687.144317
1608587687.244208
1608587687.344234
1608587687.443517
1608587687.543229
1608587687.642735
1608587687.742930
1608587687.843846
1608587687.944139
1608587688.044275
1608587688.144420
1608587688.244730
1608587688.345179
1608587688.445068
1608587688.544863
1608587688.644302
1608587688.744219
1608587688.844527
1608587688.944523
1608587689.044694
1608587689.144751
1608587689.244439
1608587689.344510
1608587689.444606
1608587689.544626
1608587689.644435
1608587689.744240
1608587689.844201
1608587689.943849
1608587690.043915
1608587690.143956
1608587690.245219
1608587690.343906
1608587690.444240
1608587690.544634
1608587690.645164
1608587690.744906
1608587690.844726
1608587690.944191
1608587691.043705
1608587691.143576
1608587691.243482
1608587691.343570
1608587691.443921
1608587691.543622
1608587691.643818
1608587691.744245
1608587691.844885
1608587691.944593
1608587692.044258
1608587692.143785
1608587692.243541
1608587692.343466
1608587692.443481
1608587692.543456
1608587692.643771
1608587692.744176
1608587692.844379
1608587692.944372
1608587693.044817
1608587693.145131
1608587693.245074
1608587693.344770
1608587693.444687
1608587693.544367
1608587693.644250
1608587693.744156
1608587693.844234
1608587693.944275
1608587694.044952
1608587694.144932
1608587694.244977
1608587694.344931
1608587694.445311
1608587694.544994
1608587694.644898
1608587694.744817
1608587694.844322
1608587694.943970
1608587695.043519
1608587695.143354
1608587695.243541
1608587695.343668
1608587695.444138
1608587695.544472
1608587695.644922
1608587695.744948
1608587695.844844
1608587695.944250
1608587696.043686
1608587696.143504
1608587696.243341
1608587696.343454
1608587696.443108
1608587696.543128
1608587696.643161
1608587696.743349
1608587696.843493
1608587696.943792
1608587697.044254
1608587697.144397
1608587697.244330
1608587697.344224
1608587697.444368
1608587697.544636
1608587697.644263
1608587697.744436
1608587697.844175
1608587697.944191
1608587698.044434
1608587698.144460
1608587698.244289
1608587698.344507
1608587698.444523
1608587698.544440
1608587698.644574
1608587698.744762
1608587698.844973
1608587698.945060
1608587699.044983
1608587699.144737
1608587699.244760
1608587699.344709
1608587699.444444
1608587699.544152
1608587699.644975
1608587699.743434
1608587699.843424
1608587699.943752
1608587700.044196
1608587700.144386
1608587700.244635
1608587700.344612
1608587700.445152
1608587700.545081
1608587700.646028
1608587700.745130
1608587700.844220
1608587700.943340
1608587701.043332
1608587701.143672
1608587701.243799
1608587701.343742
1608587701.443720
1608587701.543589
1608587701.643713
1608587701.743568
1608587701.843672
1608587701.943918
1608587702.043797
1608587702.143586
1608587702.244411
1608587702.344271
1608587702.444756
1608587702.544551
1608587702.644188
1608587702.743939
1608587702.844203
1608587702.943952
1608587703.043994
1608587703.143762
1608587703.243968
1608587703.344197
1608587703.444084
1608587703.543925
1608587703.643999
1608587703.744142
1608587703.844132
1608587703.944250
1608587704.044478
1608587704.144221
1608587704.244353
1608587704.344078
1608587704.443981
1608587704.544227
1608587704.644232
1608587704.744117
1608587704.844265
1608587704.944012
1608587705.044175
1608587705.143865
1608587705.244280
1608587705.344579
1608587705.444367
1608587705.544645
1608587705.644651
1608587705.744464
1608587705.844604
1608587705.944201
1608587706.044356
1608587706.144453
1608587706.244569
1608587706.344809
1608587706.444632
1608587706.544256
1608587706.644229
1608587706.744237
1608587706.844807
1608587706.944259
1608587707.044314
1608587707.144167
1608587707.243678
1608587707.343152
1608587707.443240
1608587707.543494
1608587707.643526
1608587707.743978
1608587707.844107
1608587707.944158
1608587708.044556
1608587708.144550
1608587708.244884
1608587708.345123
1608587708.444659
1608587708.544049
1608587708.643322
1608587708.742709
1608587708.843146
1608587708.943062
1608587709.043495
1608587709.143682
1608587709.244012
1608587709.344266
1608587709.444331
1608587709.544598
1608587709.644799
1608587709.744305
1608587709.843627
1608587709.943376
1608587710.043623
1608587710.143075
1608587710.243030
1608587710.342824
1608587710.442894
1608587710.543073
1608587710.643384
1608587710.743433
1608587710.843431
1608587710.943806
1608587711.044225
1608587711.144252
1608587711.244229
1608587711.344097
1608587711.443842
1608587711.543982
1608587711.644548
1608587711.744580
1608587711.844807
1608587711.944322
1608587712.043923
1608587712.143428
1608587712.243364
1608587712.342983
1608587712.443108
1608587712.543814
1608587712.644172
1608587712.744893
1608587712.845335
1608587712.946592
1608587713.045302
1608587713.144802
1608587713.244950
1608587713.343278
1608587713.443024
1608587713.542996
1608587713.643099
1608587713.743021
1608587713.843285
1608587713.943457
1608587714.043972
1608587714.144953
1608587714.244236
1608587714.344137
1608587714.443554
1608587714.543281
1608587714.643096
1608587714.743284
1608587714.842889
1608587714.942675
1608587715.044004
1608587715.144580
1608587715.244641
1608587715.344741
1608587715.444113
1608587715.543195
1608587715.642589
1608587715.742846
1608587715.842715
1608587716.344105
1608587716.943549
1608587717.443897
