1614111693.257433
1614111693.857233
1614111694.357346
1614111694.857512
1614111695.457196
1614111695.957326
1614111696.457583
1614111697.057514
1614111697.657444
1614111698.257235
1614111698.657698
1614111698.758248
1614111698.857750
1614111698.957604
1614111699.057208
1614111699.157026
1614111699.256738
1614111699.356406
1614111699.457329
1614111699.557812
1614111699.657643
1614111699.757591
1614111699.857742
1614111699.957976
1614111700.058236
1614111700.157708
1614111700.257620
1614111700.357368
1614111700.456658
1614111700.556513
1614111700.656995
1614111700.757233
1614111700.857508
1614111700.957311
1614111701.057118
1614111701.156832
1614111701.256571
1614111701.356508
1614111701.456045
1614111701.556031
1614111701.656712
1614111701.756853
1614111701.857198
1614111701.957593
1614111702.057805
1614111702.157869
1614111702.257848
1614111702.357785
1614111702.457388
1614111702.557709
1614111702.657498
1614111702.757536
1614111702.857222
1614111702.957123
1614111703.057359
1614111703.157260
1614111703.257198
1614111703.357476
1614111703.457787
1614111703.557532
1614111703.657454
1614111703.757050
1614111703.856884
1614111703.956685
1614111704.057168
1614111704.157581
1614111704.257614
1614111704.357499
1614111704.457420
1614111704.556932
1614111704.656152
1614111704.755601
1614111704.855593
1614111704.955638
1614111705.056601
1614111705.157281
1614111705.257753
1614111705.358457
1614111705.458440
1614111705.558360
1614111705.657289
1614111705.756047
1614111705.855280
1614111705.954817
1614111706.055147
1614111706.155954
1614111706.256979
1614111706.357703
1614111706.458325
1614111706.558496
1614111706.658676
1614111706.758260
1614111706.857449
1614111706.956258
1614111707.055225
1614111707.155205
1614111707.255080
1614111707.355714
1614111707.456516
1614111707.557317
1614111707.658031
1614111707.758450
1614111707.858447
1614111707.957812
1614111708.056985
1614111708.155930
1614111708.255806
1614111708.355806
1614111708.456109
1614111708.556574
1614111708.657416
1614111708.758077
1614111708.858805
1614111708.958677
1614111709.058397
1614111709.157110
1614111709.256274
1614111709.355836
1614111709.455820
1614111709.555228
1614111709.655767
1614111709.756746
1614111709.857482
1614111709.957930
1614111710.058241
1614111710.158314
1614111710.257909
1614111710.357370
1614111710.456790
1614111710.556370
1614111710.656369
1614111710.756039
1614111710.856452
1614111710.957326
1614111711.057814
1614111711.158224
1614111711.257553
1614111711.357366
1614111711.456911
1614111711.556207
1614111711.655578
1614111711.755076
1614111711.855872
1614111711.956056
1614111712.056761
1614111712.157186
1614111712.257825
1614111712.357713
1614111712.457882
1614111712.557604
1614111712.657054
1614111712.756265
1614111712.855722
1614111712.955017
1614111713.054882
1614111713.155596
1614111713.257003
1614111713.357854
1614111713.458863
1614111713.558574
1614111713.658385
1614111713.757458
1614111713.856774
1614111713.955610
1614111714.055622
1614111714.155147
1614111714.255259
1614111714.356188
1614111714.457160
1614111714.558107
1614111714.658540
1614111714.758408
1614111714.857637
1614111714.956985
1614111715.056573
1614111715.156137
1614111715.255780
1614111715.355714
1614111715.456429
1614111715.557415
1614111715.658119
1614111715.758325
1614111715.858122
1614111715.957740
1614111716.057242
1614111716.156558
1614111716.256068
1614111716.355411
1614111716.455468
1614111716.555903
1614111716.656795
1614111716.758085
1614111716.858626
1614111716.958575
1614111717.058624
1614111717.157974
1614111717.257210
1614111717.356510
1614111717.455565
1614111717.555314
1614111717.656075
1614111717.756939
1614111717.858395
1614111717.959195
1614111718.059669
1614111718.159164
1614111718.258473
1614111718.356725
1614111718.455851
1614111718.554742
1614111718.654954
1614111718.754559
1614111718.856002
1614111718.957330
1614111719.058606
1614111719.159348
1614111719.259133
1614111719.358905
1614111719.457623
1614111719.556309
1614111719.655682
1614111719.755440
1614111719.855681
1614111719.956016
1614111720.057172
1614111720.157762
1614111720.258251
1614111720.357823
1614111720.457810
1614111720.557355
1614111720.656780
1614111720.756459
1614111720.856390
1614111720.956196
1614111721.056075
1614111721.156116
1614111721.256521
1614111721.357133
1614111721.457030
1614111721.557224
1614111721.657933
1614111721.757757
1614111721.857545
1614111721.956496
1614111722.055920
1614111722.155892
1614111722.255643
1614111722.356409
1614111722.456755
1614111722.557188
1614111722.658038
1614111722.757701
1614111722.857672
1614111722.957146
1614111723.057118
1614111723.156509
1614111723.255825
1614111723.355395
1614111723.455490
1614111723.556158
1614111723.656944
1614111723.757556
1614111723.857566
1614111723.958089
1614111724.057750
1614111724.157129
1614111724.256541
1614111724.355584
1614111724.456131
1614111724.555864
1614111724.656722
1614111724.757207
1614111724.857789
1614111724.958062
1614111725.058221
1614111725.157579
1614111725.256935
1614111725.356630
1614111725.456081
1614111725.555626
1614111725.655796
1614111725.756057
1614111725.856752
1614111725.957045
1614111726.057684
1614111726.157971
1614111726.257940
1614111726.357530
1614111726.457161
1614111726.556554
1614111726.655906
1614111726.755717
1614111726.855676
1614111726.956304
1614111727.056834
1614111727.157550
1614111727.257829
1614111727.357891
1614111727.457455
1614111727.556882
1614111727.656099
1614111727.755563
1614111727.855294
1614111727.955498
1614111728.056249
1614111728.156961
1614111728.257692
1614111728.357770
1614111728.458044
1614111728.557481
1614111728.656857
1614111728.756101
1614111728.855567
1614111728.955988
1614111729.056055
1614111729.156824
1614111729.257315
1614111729.357782
1614111729.458292
1614111729.557728
1614111729.656956
1614111729.755981
1614111729.855691
1614111729.955398
1614111730.055499
1614111730.155854
1614111730.256207
1614111730.356759
1614111730.456797
1614111730.557637
1614111730.657658
1614111730.757936
1614111730.857668
1614111730.957041
1614111731.056157
1614111731.155288
1614111731.255435
1614111731.355579
1614111731.456469
1614111731.556943
1614111731.657521
1614111731.757435
1614111731.857210
1614111731.957121
1614111732.056710
1614111732.155942
1614111732.255547
1614111732.355495
1614111732.456120
1614111732.556760
1614111732.657453
1614111732.758031
1614111732.857124
1614111732.957032
1614111733.056901
1614111733.156391
1614111733.255737
1614111733.354841
1614111733.454752
1614111733.554946
1614111733.656073
1614111733.756727
1614111733.857225
1614111733.958061
1614111734.057689
1614111734.157527
1614111734.256822
1614111734.356117
1614111734.455462
1614111734.555335
1614111734.655715
1614111734.756180
1614111734.856804
1614111734.957377
1614111735.058195
1614111735.157633
1614111735.257383
1614111735.356898
1614111735.456200
1614111735.555853
1614111735.655832
1614111735.755569
1614111735.855538
1614111735.956556
1614111736.057653
1614111736.157927
1614111736.258242
1614111736.358168
1614111736.457579
1614111736.556206
1614111736.655544
1614111736.755214
1614111736.854874
1614111736.954823
1614111737.055705
1614111737.157027
1614111737.257604
1614111737.358321
1614111737.458482
1614111737.558351
1614111737.657417
1614111737.756512
1614111737.855690
1614111737.955323
1614111738.055511
1614111738.155447
1614111738.256150
1614111738.356973
1614111738.457681
1614111738.558021
1614111738.657990
1614111738.757540
1614111738.857119
1614111738.956897
1614111739.056306
1614111739.155699
1614111739.255504
1614111739.356120
1614111739.457221
1614111739.558136
1614111739.657901
1614111739.757595
1614111739.857328
1614111739.957043
1614111740.056413
1614111740.155887
1614111740.255751
1614111740.355866
1614111740.456528
1614111740.557139
1614111740.657726
1614111740.758173
1614111740.858021
1614111740.957507
1614111741.056885
1614111741.156353
1614111741.256394
1614111741.356043
1614111741.455894
1614111741.555903
1614111741.656362
1614111741.756903
1614111741.857078
1614111741.957254
1614111742.057482
1614111742.157089
1614111742.257084
1614111742.357274
1614111742.456644
1614111742.556225
1614111742.655771
1614111742.756127
1614111742.856598
1614111742.957522
1614111743.057631
1614111743.157792
1614111743.257595
1614111743.357108
1614111743.456796
1614111743.556111
1614111743.655996
1614111743.755841
1614111743.856146
1614111743.956442
1614111744.057129
1614111744.157868
1614111744.257775
1614111744.357966
1614111744.457580
1614111744.556960
1614111744.656190
1614111744.755607
1614111744.855494
1614111744.955725
1614111745.056324
1614111745.157068
1614111745.258562
1614111745.359055
1614111745.458507
1614111745.557574
1614111745.656547
1614111745.755743
1614111745.855587
1614111745.955349
1614111746.056008
1614111746.156720
1614111746.257644
1614111746.358348
1614111746.458050
1614111746.557889
1614111746.657728
1614111746.757082
1614111746.856726
1614111746.955871
1614111747.056001
1614111747.155776
1614111747.256277
1614111747.356751
1614111747.457566
1614111747.557753
1614111747.657767
1614111747.757368
1614111747.856997
1614111747.956844
1614111748.056527
1614111748.156308
1614111748.256131
1614111748.356246
1614111748.456731
1614111748.557409
1614111748.657485
1614111748.757450
1614111748.856913
1614111748.956021
1614111749.056043
1614111749.155262
1614111749.255382
1614111749.355722
1614111749.456500
1614111749.557129
1614111749.657593
1614111749.757938
1614111749.857707
1614111749.957257
1614111750.056673
1614111750.156125
1614111750.255997
1614111750.356094
1614111750.455837
1614111750.556316
1614111750.656668
1614111750.757297
1614111750.857687
1614111750.957910
1614111751.057894
1614111751.157589
1614111751.256644
1614111751.355851
1614111751.455482
1614111751.554803
1614111751.655365
1614111751.756187
1614111751.857348
1614111751.958276
1614111752.058521
1614111752.158571
1614111752.257740
1614111752.356879
1614111752.455967
1614111752.555268
1614111752.655188
1614111752.755510
1614111752.856267
1614111752.957137
1614111753.057820
1614111753.157985
1614111753.258065
1614111753.357705
1614111753.456800
1614111753.556116
1614111753.655479
1614111753.755429
1614111753.855860
1614111753.956366
1614111754.057096
1614111754.157828
1614111754.258045
1614111754.357894
1614111754.457665
1614111754.556897
1614111754.656229
1614111754.755453
1614111754.855530
1614111754.955527
1614111755.056320
1614111755.156839
1614111755.257798
1614111755.358426
1614111755.458208
1614111755.557791
1614111755.657081
1614111755.756383
1614111755.855892
1614111755.955521
1614111756.056158
1614111756.156601
1614111756.257030
1614111756.357183
1614111756.457539
1614111756.557690
1614111756.657540
1614111756.756992
1614111756.856377
1614111756.956074
1614111757.056278
1614111757.156234
1614111757.256715
1614111757.356802
1614111757.457315
1614111757.557717
1614111757.657554
1614111757.757551
1614111757.857330
1614111757.956622
1614111758.055984
1614111758.155210
1614111758.255380
1614111758.355455
1614111758.456258
1614111758.556994
1614111758.657473
1614111758.758587
1614111758.858680
1614111758.958683
1614111759.057659
1614111759.156623
1614111759.255504
1614111759.355014
1614111759.454836
1614111759.555359
1614111759.656508
1614111759.757841
1614111759.858653
1614111759.959032
1614111760.058719
1614111760.158266
1614111760.257261
1614111760.355979
1614111760.455126
1614111760.555220
1614111760.655540
1614111760.756292
1614111760.857038
1614111760.958606
1614111761.058469
1614111761.158379
1614111761.258102
1614111761.357215
1614111761.456663
1614111761.555865
1614111761.655396
1614111761.755385
1614111761.856175
1614111761.957138
1614111762.058340
1614111762.158899
1614111762.259019
1614111762.358438
1614111762.457141
1614111762.556756
1614111762.656522
1614111762.756200
1614111762.856011
1614111762.956048
1614111763.056724
1614111763.157271
1614111763.257739
1614111763.357776
1614111763.457161
1614111763.556258
1614111763.656313
1614111763.756388
1614111763.856156
1614111763.956238
1614111764.055800
1614111764.156444
1614111764.257083
1614111764.357506
1614111764.457695
1614111764.557448
1614111764.657007
1614111764.756653
1614111764.856445
1614111764.956067
1614111765.056024
1614111765.155632
1614111765.255965
1614111765.356651
1614111765.457531
1614111765.557722
1614111765.657579
1614111765.757112
1614111765.857097
1614111765.956991
1614111766.056746
1614111766.156638
1614111766.256311
1614111766.356279
1614111766.456865
1614111766.556945
1614111766.657208
1614111766.757349
1614111766.857662
1614111766.957895
1614111767.057622
1614111767.156782
1614111767.256544
1614111767.356023
1614111767.455958
1614111767.555695
1614111767.656217
1614111767.756889
1614111767.857451
1614111767.957378
1614111768.057684
1614111768.157721
1614111768.258137
1614111768.357236
1614111768.456141
1614111768.555640
1614111768.655023
1614111768.755289
1614111768.855986
1614111768.956321
1614111769.056232
1614111769.157232
1614111769.258534
1614111769.358489
1614111769.458396
1614111769.557234
1614111769.656210
1614111769.754690
1614111769.854355
1614111769.954206
1614111770.055106
1614111770.155674
1614111770.256524
1614111770.357954
1614111770.458188
1614111770.557677
1614111770.657000
1614111770.756131
1614111770.855407
1614111770.954830
1614111771.054671
1614111771.154698
1614111771.255816
1614111771.356295
1614111771.457098
1614111771.557979
1614111771.657884
1614111771.757494
1614111771.856876
1614111771.956012
1614111772.055353
1614111772.154640
1614111772.254897
1614111772.355033
1614111772.456081
1614111772.557183
1614111772.658463
1614111772.758289
1614111772.857675
1614111772.956770
1614111773.056182
1614111773.155108
1614111773.254944
1614111773.354732
1614111773.455057
1614111773.555293
1614111773.656213
1614111773.756991
1614111773.857642
1614111773.958286
1614111774.057936
1614111774.157143
1614111774.256394
1614111774.355273
1614111774.455046
1614111774.554276
1614111774.654361
1614111774.755338
1614111774.856525
1614111774.957383
1614111775.058124
1614111775.158041
1614111775.258016
1614111775.357465
1614111775.456967
1614111775.556481
1614111775.655515
1614111775.755299
1614111775.855041
1614111775.955341
1614111776.056240
1614111776.157119
1614111776.258208
1614111776.358257
1614111776.457704
1614111776.556723
1614111776.656319
1614111776.756012
1614111776.855460
1614111776.955484
1614111777.055466
1614111777.156165
1614111777.256667
1614111777.357536
1614111777.458012
1614111777.558179
1614111777.657582
1614111777.756785
1614111777.856184
1614111777.955412
1614111778.054935
1614111778.154890
1614111778.255072
1614111778.356064
1614111778.456942
1614111778.557762
1614111778.658146
1614111778.758061
1614111778.857324
1614111778.956627
1614111779.056107
1614111779.155288
1614111779.255082
1614111779.355292
1614111779.455970
1614111779.556747
1614111779.657904
1614111779.757787
1614111779.857908
1614111779.957326
1614111780.056763
1614111780.155800
1614111780.255308
1614111780.355005
1614111780.455309
1614111780.555878
1614111780.656521
1614111780.757054
1614111780.857471
1614111780.957759
1614111781.057705
1614111781.157347
1614111781.256804
1614111781.356186
1614111781.455847
1614111781.555470
1614111781.655792
1614111781.756358
1614111781.856731
1614111781.957728
1614111782.058425
1614111782.158164
1614111782.257509
1614111782.356581
1614111782.455807
1614111782.555814
1614111782.655556
1614111782.755790
1614111782.856155
1614111782.956651
1614111783.057267
1614111783.157763
1614111783.258452
1614111783.357971
1614111783.457599
1614111783.557193
1614111783.656487
1614111783.756099
1614111783.856089
1614111783.956389
1614111784.056770
1614111784.157444
1614111784.258227
1614111784.358669
1614111784.458876
1614111784.558275
1614111784.657185
1614111784.756512
1614111784.855327
1614111784.955183
1614111785.055184
1614111785.156184
1614111785.257144
1614111785.357870
1614111785.457874
1614111785.558222
1614111785.658372
1614111785.757629
1614111785.857124
1614111785.956428
1614111786.055861
1614111786.155410
1614111786.255838
1614111786.356431
1614111786.457396
1614111786.558125
1614111786.658373
1614111786.758036
1614111786.857505
1614111786.956854
1614111787.055809
1614111787.155824
1614111787.256518
1614111787.356979
1614111787.457631
1614111787.557862
1614111787.658045
1614111787.757602
1614111787.857567
1614111787.957116
1614111788.056636
1614111788.157123
1614111788.256685
1614111788.355731
1614111788.455821
1614111788.556434
1614111788.656970
1614111788.757169
1614111788.857378
1614111788.957738
1614111789.057736
1614111789.157595
1614111789.257218
1614111789.356693
1614111789.455824
1614111789.555341
1614111789.655217
1614111789.755219
1614111789.856308
1614111789.957566
1614111790.057813
1614111790.158163
1614111790.258588
1614111790.357826
1614111790.457539
1614111790.556594
1614111790.655749
1614111790.755448
1614111790.855285
1614111790.955954
1614111791.056256
1614111791.156978
1614111791.257939
1614111791.358457
1614111791.458929
1614111791.558264
1614111791.657562
1614111791.757348
1614111791.856286
1614111791.955439
1614111792.055059
1614111792.155690
1614111792.256675
1614111792.357934
1614111792.458612
1614111792.558888
1614111792.658127
1614111792.757246
1614111792.856221
1614111792.955260
1614111793.054945
1614111793.155424
1614111793.256422
1614111793.356997
1614111793.458012
1614111793.558906
1614111793.658668
1614111793.758000
1614111793.857003
1614111793.956841
1614111794.056010
1614111794.155992
1614111794.256085
1614111794.356515
1614111794.457141
1614111794.557532
1614111794.657840
1614111794.757746
1614111794.857845
1614111794.957861
1614111795.057401
1614111795.156970
1614111795.256294
1614111795.356312
1614111795.456589
1614111795.557026
1614111795.657524
1614111795.757527
1614111795.857759
1614111795.957854
1614111796.057970
1614111796.157250
1614111796.256181
1614111796.356017
1614111796.456056
1614111796.555903
1614111796.656081
1614111796.756586
1614111796.856986
1614111796.957825
1614111797.058209
1614111797.158199
1614111797.257935
1614111797.357360
1614111797.456686
1614111797.555923
1614111797.655807
1614111797.755719
1614111797.856280
1614111797.956762
1614111798.057733
1614111798.158218
1614111798.258035
1614111798.357094
1614111798.456518
1614111798.556253
1614111798.655920
1614111798.756019
1614111798.856603
1614111798.957076
1614111799.057448
1614111799.157822
1614111799.258444
1614111799.357915
1614111799.457961
1614111799.556961
1614111799.656566
1614111799.756679
1614111799.856123
1614111799.956463
1614111800.056800
1614111800.156926
1614111800.257235
1614111800.357240
1614111800.456759
1614111800.556676
1614111800.657008
1614111800.757147
1614111800.856819
1614111800.956856
1614111801.057211
1614111801.156966
1614111801.256854
1614111801.356951
1614111801.457273
1614111801.557685
1614111801.657746
1614111801.757950
1614111801.857501
1614111801.957773
1614111802.057378
1614111802.156788
1614111802.256444
1614111802.356116
1614111802.456220
1614111802.557173
1614111802.657198
1614111802.757584
1614111802.857815
1614111802.957477
1614111803.057329
1614111803.157123
1614111803.257136
1614111803.356855
1614111803.456959
1614111803.556977
1614111803.657423
1614111803.757277
1614111803.858060
1614111803.957661
1614111804.057606
1614111804.157209
1614111804.257097
1614111804.356062
1614111804.455199
1614111804.554938
1614111804.655906
1614111804.757099
1614111804.857836
1614111804.958337
1614111805.058721
1614111805.158294
1614111805.258018
1614111805.357568
1614111805.457103
1614111805.555991
1614111805.655428
1614111805.755568
1614111805.855961
1614111805.956543
1614111806.057297
1614111806.157549
1614111806.258072
1614111806.358111
1614111806.457831
1614111806.557735
1614111806.657387
1614111806.757126
1614111806.856921
1614111806.956758
1614111807.056424
1614111807.156250
1614111807.256760
1614111807.357436
1614111807.457909
1614111807.558121
1614111807.658726
1614111807.758288
1614111807.857497
1614111807.957034
1614111808.056586
1614111808.156119
1614111808.255828
1614111808.355911
1614111808.456129
1614111808.556124
1614111808.656643
1614111808.757204
1614111808.857948
1614111808.958086
1614111809.058410
1614111809.157867
1614111809.257646
1614111809.357026
1614111809.456557
1614111809.556093
1614111809.655869
1614111809.755779
1614111809.856678
1614111809.957197
1614111810.057949
1614111810.158670
1614111810.258600
1614111810.357846
1614111810.456712
1614111810.555902
1614111810.655576
1614111810.755226
1614111810.855554
1614111810.955818
1614111811.056739
1614111811.157267
1614111811.257585
1614111811.358085
1614111811.458555
1614111811.558535
1614111811.657751
1614111811.756979
1614111811.856550
1614111811.956523
1614111812.056053
1614111812.156053
1614111812.256186
1614111812.356536
1614111812.456574
1614111812.557070
1614111812.657668
1614111812.757819
1614111812.857583
1614111812.957137
1614111813.056352
1614111813.155845
1614111813.255497
1614111813.355642
1614111813.455781
1614111813.556322
1614111813.656791
1614111813.757445
1614111813.857667
1614111813.957625
1614111814.057610
1614111814.157397
1614111814.257282
1614111814.356384
1614111814.456059
1614111814.555812
1614111814.656011
1614111814.756505
1614111814.857131
1614111814.957798
1614111815.058529
1614111815.158161
1614111815.257802
1614111815.356875
1614111815.456403
1614111815.555443
1614111815.656028
1614111815.755656
1614111815.856009
1614111815.956283
1614111816.056587
1614111816.157457
1614111816.258083
1614111816.357893
1614111816.457522
1614111816.556696
1614111816.655971
1614111816.755244
1614111816.855371
1614111816.955572
1614111817.056703
1614111817.157477
1614111817.258874
1614111817.358506
1614111817.458334
1614111817.557618
1614111817.656720
1614111817.756123
1614111817.855028
1614111817.955797
1614111818.055374
1614111818.156191
1614111818.256201
1614111818.356693
1614111818.457375
1614111818.557892
1614111818.657987
1614111818.757423
1614111818.856787
1614111818.956706
1614111819.056309
1614111819.155769
1614111819.256118
1614111819.356302
1614111819.456623
1614111819.557590
1614111819.658094
1614111819.758095
1614111819.857812
1614111819.956791
1614111820.055851
1614111820.154623
1614111820.254614
1614111820.355011
1614111820.456338
1614111820.556822
1614111820.657812
1614111820.758042
1614111820.858063
1614111820.957540
1614111821.056876
1614111821.156684
1614111821.256552
1614111821.355812
1614111821.455445
1614111821.555938
1614111821.656608
1614111821.757296
1614111821.857307
1614111821.957257
1614111822.057092
1614111822.157012
1614111822.256799
1614111822.356267
1614111822.456350
1614111822.556358
1614111822.656673
1614111822.756994
1614111822.857896
1614111822.957430
1614111823.057312
1614111823.156606
1614111823.256460
1614111823.356685
1614111823.456712
1614111823.556129
1614111823.656853
1614111823.756908
1614111823.856850
1614111823.956917
1614111824.056926
1614111824.157490
1614111824.257922
1614111824.357343
1614111824.456959
1614111824.556591
1614111824.655999
1614111824.755146
1614111824.855168
1614111824.955553
1614111825.056556
1614111825.157562
1614111825.257608
1614111825.357576
1614111825.457709
1614111825.558218
1614111825.657549
1614111825.757215
1614111825.856156
1614111825.955592
1614111826.055330
1614111826.155443
1614111826.255668
1614111826.356296
1614111826.456910
1614111826.557377
1614111826.657611
1614111826.757884
1614111826.857497
1614111826.957154
1614111827.056177
1614111827.155550
1614111827.255723
1614111827.355766
1614111827.456209
1614111827.556456
1614111827.657159
1614111827.757301
1614111827.857585
1614111827.957683
1614111828.057610
1614111828.156773
1614111828.255549
1614111828.355406
1614111828.455347
1614111828.555948
1614111828.656768
1614111828.757513
1614111828.857493
1614111828.958009
1614111829.058196
1614111829.157190
1614111829.256608
1614111829.355742
1614111829.455473
1614111829.555402
1614111829.656243
1614111829.756473
1614111829.857386
1614111829.957820
1614111830.057890
1614111830.157671
1614111830.256996
1614111830.356120
1614111830.455236
1614111830.554903
1614111830.655671
1614111830.756216
1614111830.856890
1614111830.957165
1614111831.057824
1614111831.158205
1614111831.258400
1614111831.357623
1614111831.456582
1614111831.555966
1614111831.655691
1614111831.755228
1614111831.855814
1614111831.957077
1614111832.057538
1614111832.157715
1614111832.257826
1614111832.357720
1614111832.457067
1614111832.556563
1614111832.656059
1614111832.755390
1614111832.855253
1614111832.955406
1614111833.055552
1614111833.156211
1614111833.256655
1614111833.357554
1614111833.457932
1614111833.558009
1614111833.657776
1614111833.757025
1614111833.856193
1614111833.955389
1614111834.055181
1614111834.155077
1614111834.255416
1614111834.356056
1614111834.457024
1614111834.557696
1614111834.658170
1614111834.758379
1614111834.857789
1614111834.957055
1614111835.056109
1614111835.154922
1614111835.254608
1614111835.354631
1614111835.455374
1614111835.556448
1614111835.657559
1614111835.757980
1614111835.858106
1614111835.957661
1614111836.056868
1614111836.156656
1614111836.256056
1614111836.355053
1614111836.454888
1614111836.555346
1614111836.656245
1614111836.757082
1614111836.857942
1614111836.958185
1614111837.058050
1614111837.157655
1614111837.256753
1614111837.355477
1614111837.454946
1614111837.554352
1614111837.654881
1614111837.755633
1614111837.856839
1614111837.957983
1614111838.058527
1614111838.158136
1614111838.257420
1614111838.356605
1614111838.455373
1614111838.554844
1614111838.655273
1614111838.755216
1614111838.856051
1614111838.956831
1614111839.057263
1614111839.157146
1614111839.257100
1614111839.356543
1614111839.455801
1614111839.555476
1614111839.655209
1614111839.755392
1614111839.855241
1614111839.955595
1614111840.056088
1614111840.157161
1614111840.257823
1614111840.358493
1614111840.457700
1614111840.556977
1614111840.655903
1614111840.754888
1614111840.854394
1614111840.954496
1614111841.054899
1614111841.155461
1614111841.256240
1614111841.357473
1614111841.457830
1614111841.557771
1614111841.657175
1614111841.756548
1614111841.855895
1614111841.955311
1614111842.055150
1614111842.155168
1614111842.255543
1614111842.356702
1614111842.457212
1614111842.557420
1614111842.657517
1614111842.757043
1614111842.856290
1614111842.955631
1614111843.054862
1614111843.154125
1614111843.253984
1614111843.354571
1614111843.455602
1614111843.556784
1614111843.657723
1614111843.757587
1614111843.856801
1614111843.955656
1614111844.055231
1614111844.154516
1614111844.254285
1614111844.354214
1614111844.455065
1614111844.556089
1614111844.657415
1614111844.757983
1614111844.858477
1614111844.958134
1614111845.057422
1614111845.156400
1614111845.255197
1614111845.354159
1614111845.453963
1614111845.554551
1614111845.655312
1614111845.756158
1614111845.856942
1614111845.957438
1614111846.058047
1614111846.158691
1614111846.258516
1614111846.358070
1614111846.457419
1614111846.556304
1614111846.655376
1614111846.755605
1614111846.855824
1614111846.955457
1614111847.055172
1614111847.155215
1614111847.255771
1614111847.356620
1614111847.456909
1614111847.556766
1614111847.656057
1614111847.755082
1614111847.855158
1614111847.955607
1614111848.055969
1614111848.156085
1614111848.256540
1614111848.357208
1614111848.456677
1614111848.556116
1614111848.656968
1614111848.756965
1614111848.856905
1614111848.956759
1614111849.056658
1614111849.156441
1614111849.256465
1614111849.356228
1614111849.456183
1614111849.556190
1614111849.656207
1614111849.756171
1614111849.856128
1614111849.956143
1614111850.056245
1614111850.156302
1614111850.656248
1614111851.256224
1614111851.756402
1614111852.256648
1614111852.856357
1614111853.356414
1614111853.856465
1614111854.456495
1614111855.056290
1614111855.556428
1614111856.056456
1614111856.656374
1614111857.156381
1614111857.656737
1614111858.256529
1614111858.856630
1614111859.356683
1614111859.956380
1614111860.456710
1614111861.056548
1614111861.556648
1614111862.156540
1614111862.656838
1614111863.256492
1614111863.856447
