1614647201.933341 -0.008203 -0.144250 -0.016659 0.999197 -0.014076 0.007203 -0.036809
1614647202.532184 0.066859 -0.121649 -0.000428 0.999232 -0.014145 0.006797 -0.035902
1614647203.032815 0.104706 -0.117864 0.010883 0.999258 -0.014161 0.006531 -0.035228
1614647203.632239 0.120092 -0.120089 0.018933 0.999288 -0.014269 0.006096 -0.034382
1614647204.132318 0.123640 -0.127089 0.021620 0.999314 -0.014320 0.005734 -0.033682
1614647204.632904 0.124303 -0.139946 0.021262 0.999308 -0.014494 0.005368 -0.033823
1614647205.232341 0.119834 -0.155305 0.015404 0.999275 -0.020364 0.005503 -0.031680
1614647205.332078 0.118509 -0.158368 0.014223 0.999148 -0.019285 0.004387 -0.036211
1614647205.432186 0.118138 -0.156146 0.013656 0.999316 -0.019083 0.004478 -0.031366
1614647205.534244 0.114019 -0.153534 0.013910 0.999327 -0.023725 0.007534 -0.026953
1614647205.632320 0.112858 -0.148961 0.012869 0.999274 -0.025098 0.006652 -0.027894
1614647205.732639 0.113017 -0.147518 0.011142 0.998791 -0.032103 0.003765 -0.037049
1614647205.832412 0.111228 -0.141788 0.011150 0.998670 -0.031946 0.003073 -0.040360
1614647205.932127 0.109073 -0.132597 0.012773 0.998871 -0.030753 0.003806 -0.036018
1614647206.032187 0.108666 -0.129860 0.012963 0.998143 -0.032929 -0.001684 -0.051216
1614647206.132375 0.109315 -0.130337 0.014785 0.996300 -0.038753 -0.014761 -0.075273
1614647206.231862 0.111198 -0.127518 0.020649 0.995057 -0.033476 -0.024455 -0.090234
1614647206.331679 0.113143 -0.123569 0.032811 0.994198 -0.023839 -0.026856 -0.101397
1614647206.431679 0.116570 -0.118229 0.052665 0.995715 -0.013753 -0.027493 -0.087212
1614647206.531811 0.119782 -0.113958 0.074704 0.997225 -0.007846 -0.032754 -0.066389
1614647206.633912 0.127859 -0.109027 0.096584 0.995945 0.005293 -0.050571 -0.074222
1614647206.731940 0.139334 -0.098913 0.124785 0.993377 0.022430 -0.066710 -0.090825
1614647206.832251 0.153648 -0.080150 0.151879 0.988220 0.043882 -0.092809 -0.113500
1614647206.931750 0.171031 -0.053986 0.180629 0.985000 0.067222 -0.100595 -0.123035
1614647207.032266 0.187762 -0.024827 0.212122 0.989934 0.080581 -0.071066 -0.092121
1614647207.132436 0.204696 0.008933 0.235192 0.991950 0.097121 -0.040664 -0.070356
1614647207.232823 0.221745 0.047236 0.244066 0.990311 0.104534 -0.053444 -0.074160
1614647207.333142 0.243215 0.093063 0.254531 0.988746 0.104021 -0.078440 -0.073537
1614647207.433156 0.260728 0.143128 0.274658 0.987649 0.107260 -0.093802 -0.065167
1614647207.532224 0.276597 0.192022 0.291586 0.984809 0.112108 -0.108257 -0.076573
1614647207.631954 0.291488 0.232520 0.315415 0.985830 0.117531 -0.091921 -0.076651
1614647207.732333 0.311119 0.267218 0.350516 0.988150 0.116289 -0.072203 -0.069444
1614647207.832414 0.331181 0.292683 0.392419 0.990685 0.097801 -0.068825 -0.065121
1614647207.932441 0.350080 0.314371 0.441637 0.991982 0.076867 -0.061258 -0.079444
1614647208.032148 0.370632 0.333146 0.493718 0.992617 0.068664 -0.053921 -0.084199
1614647208.132207 0.388534 0.351250 0.548494 0.994539 0.054230 -0.044194 -0.077450
1614647208.231641 0.405222 0.370818 0.598274 0.995930 0.046073 -0.025506 -0.073142
1614647208.331587 0.423879 0.390694 0.635568 0.997095 0.037829 -0.008453 -0.065562
1614647208.431954 0.444335 0.413612 0.660556 0.998252 0.018254 -0.009889 -0.055332
1614647208.531711 0.471704 0.445201 0.676552 0.998236 0.013785 -0.018259 -0.054790
1614647208.632246 0.501696 0.479149 0.684431 0.997317 -0.000499 -0.017127 -0.071171
1614647208.732169 0.535885 0.520368 0.684557 0.996359 -0.023282 -0.015978 -0.080440
1614647208.832203 0.570583 0.570511 0.683657 0.995962 -0.045980 -0.012800 -0.076037
1614647208.932050 0.606495 0.626833 0.679933 0.995231 -0.063852 -0.021766 -0.070462
1614647209.031681 0.646466 0.685483 0.676300 0.995243 -0.075196 -0.030931 -0.053668
1614647209.131637 0.681556 0.740878 0.667767 0.994251 -0.094239 -0.027620 -0.042679
1614647209.232185 0.715931 0.794294 0.657906 0.991078 -0.124002 -0.029695 -0.038805
1614647209.332002 0.751884 0.853932 0.650617 0.987912 -0.149354 -0.029045 -0.029671
1614647209.431999 0.790062 0.916564 0.640381 0.983851 -0.173431 -0.021819 -0.038498
1614647209.531897 0.832404 0.986438 0.631094 0.978328 -0.198847 -0.022832 -0.053030
1614647209.632055 0.870077 1.061909 0.631814 0.972343 -0.222175 -0.027878 -0.066409
1614647209.732285 0.904807 1.136897 0.643786 0.964079 -0.253064 -0.021905 -0.077651
1614647209.833147 0.938811 1.208190 0.661105 0.951613 -0.296313 -0.023880 -0.077851
1614647209.933269 0.970897 1.267216 0.677371 0.930539 -0.356197 -0.029020 -0.079864
1614647210.033491 1.010272 1.318801 0.693083 0.902187 -0.423360 -0.029023 -0.077349
1614647210.132543 1.066728 1.362686 0.700692 0.877067 -0.473319 -0.030430 -0.076131
1614647210.231529 1.137720 1.398089 0.704163 0.856295 -0.508337 -0.032842 -0.085284
1614647210.330941 1.209783 1.431577 0.712713 0.833725 -0.544341 -0.031954 -0.087036
1614647210.430974 1.280207 1.455988 0.722683 0.806628 -0.583245 -0.038526 -0.087699
1614647210.531489 1.347170 1.471194 0.732039 0.769761 -0.630587 -0.040468 -0.090500
1614647210.631559 1.415201 1.474124 0.739337 0.735970 -0.670773 -0.033462 -0.085395
1614647210.732062 1.480002 1.464052 0.741892 -0.695408 0.713900 0.033247 0.075163
1614647210.832578 1.541856 1.441941 0.740754 -0.647203 0.759154 0.028703 0.063161
1614647210.933017 1.605294 1.407364 0.729000 -0.592257 0.803093 0.021537 0.061721
1614647211.033199 1.680812 1.361426 0.711450 -0.540439 0.839195 0.015127 0.058733
1614647211.132187 1.765141 1.303846 0.700791 -0.485667 0.872895 0.001624 0.046675
1614647211.232176 1.848599 1.236422 0.698013 -0.421273 0.906072 -0.015059 0.036545
1614647211.331989 1.929085 1.156251 0.694085 -0.361421 0.931388 -0.023502 0.036587
1614647211.431739 2.007827 1.062269 0.691414 -0.309380 0.950584 -0.014024 0.021830
1614647211.531052 2.085897 0.959202 0.673549 -0.259692 0.965407 -0.008495 0.021865
1614647211.630641 2.166888 0.841735 0.648328 -0.224302 0.974191 -0.015739 0.019797
1614647211.730323 2.249005 0.708804 0.629149 -0.198794 0.979279 -0.022879 0.031153
1614647211.830267 2.327940 0.575342 0.629412 -0.179535 0.983123 -0.014860 0.031876
1614647211.933754 2.403990 0.443322 0.637996 -0.165055 0.985166 -0.030575 0.035633
1614647212.031126 2.474053 0.318946 0.649715 -0.158980 0.986423 -0.029477 0.028738
1614647212.131861 2.542209 0.191234 0.655215 -0.150047 0.988113 -0.027268 0.019359
1614647212.232328 2.609334 0.061044 0.646813 -0.146502 0.988398 -0.035484 0.018615
1614647212.334525 2.679656 -0.072331 0.636747 -0.138531 0.989374 -0.040424 0.017721
1614647212.432975 2.745642 -0.194604 0.639782 -0.118683 0.991604 -0.050612 0.008642
1614647212.533031 2.804510 -0.311822 0.648978 -0.100477 0.992512 -0.068461 0.011712
1614647212.632680 2.862431 -0.424815 0.662034 -0.082806 0.995186 -0.052035 0.006327
1614647212.732493 2.914988 -0.534881 0.669564 -0.063088 0.997274 -0.038272 0.000589
1614647212.831771 2.965451 -0.649524 0.658434 -0.050167 0.998001 -0.038422 0.000887
1614647212.930970 3.014548 -0.774119 0.646781 -0.048488 0.998125 -0.037347 -0.000442
1614647213.030705 3.062743 -0.903501 0.649198 -0.053755 0.997480 -0.046279 -0.001495
1614647213.130621 3.113196 -1.030004 0.663947 -0.060437 0.996833 -0.051689 0.000081
1614647213.230758 3.166522 -1.147832 0.685865 -0.071774 0.996369 -0.045014 -0.008372
1614647213.331423 3.221991 -1.262743 0.701370 -0.077706 0.996407 -0.029363 -0.016511
1614647213.432483 3.281881 -1.376164 0.700547 -0.076329 0.996589 -0.027292 -0.015445
1614647213.534186 3.348200 -1.490134 0.688637 -0.077210 0.995894 -0.045804 -0.011620
1614647213.632652 3.416911 -1.599813 0.686091 -0.074744 0.995432 -0.054323 -0.024042
1614647213.732686 3.480718 -1.705676 0.694252 -0.069693 0.995414 -0.056849 -0.032581
1614647213.834486 3.543314 -1.810574 0.704764 -0.063593 0.996636 -0.043953 -0.027208
1614647213.932200 3.602279 -1.908539 0.715441 -0.056675 0.997418 -0.025544 -0.035965
1614647214.031616 3.657420 -2.011888 0.709384 -0.060292 0.997262 -0.026242 -0.033838
1614647214.131443 3.713790 -2.124279 0.690239 -0.066560 0.996625 -0.036307 -0.031457
1614647214.231207 3.771891 -2.246120 0.679190 -0.073093 0.996004 -0.043759 -0.026810
1614647214.331056 3.831810 -2.365060 0.682263 -0.081251 0.995008 -0.052241 -0.025058
1614647214.431201 3.894237 -2.477348 0.692588 -0.097750 0.993138 -0.053281 -0.035827
1614647214.531649 3.957502 -2.583800 0.703459 -0.111953 0.991976 -0.036274 -0.046204
1614647214.632157 4.022012 -2.684158 0.700246 -0.120008 0.991092 -0.033550 -0.047000
1614647214.732329 4.092435 -2.784765 0.683460 -0.126604 0.990336 -0.042039 -0.037940
1614647214.832587 4.169562 -2.887893 0.665762 -0.133790 0.988731 -0.059753 -0.030688
1614647214.932848 4.243159 -2.985879 0.664830 -0.132600 0.988131 -0.068688 -0.035994
1614647215.033119 4.308030 -3.076159 0.671729 -0.124554 0.988885 -0.076617 -0.026893
1614647215.132770 4.372178 -3.167012 0.680703 -0.113324 0.991524 -0.055680 -0.030636
1614647215.232407 4.434404 -3.260335 0.678851 -0.107295 0.992824 -0.035956 -0.038663
1614647215.331828 4.494542 -3.356555 0.659023 -0.107977 0.992025 -0.055864 -0.033254
1614647215.431469 4.556985 -3.467382 0.641301 -0.112683 0.990921 -0.068516 -0.026143
1614647215.531272 4.620650 -3.579927 0.636820 -0.120086 0.990107 -0.069816 -0.019839
1614647215.633241 4.684275 -3.684668 0.645711 -0.129674 0.988873 -0.069868 -0.020802
1614647215.731273 4.747076 -3.779427 0.652924 -0.138079 0.987944 -0.065674 -0.024242
1614647215.831718 4.813445 -3.877285 0.654879 -0.152578 0.986461 -0.054158 -0.026110
1614647215.932033 4.887068 -3.972948 0.644598 -0.154564 0.986081 -0.056594 -0.023492
1614647216.032641 4.968260 -4.069470 0.631842 -0.150781 0.985877 -0.070942 -0.016676
1614647216.132466 5.048363 -4.164935 0.629974 -0.143479 0.986603 -0.075576 -0.017795
1614647216.232317 5.122249 -4.253486 0.638104 -0.143602 0.987480 -0.062654 -0.018316
1614647216.331898 5.194297 -4.339732 0.644329 -0.143676 0.988146 -0.051187 -0.017458
1614647216.431516 5.266690 -4.429250 0.648661 -0.149699 0.987398 -0.042699 -0.028488
1614647216.531232 5.337032 -4.523558 0.641521 -0.157564 0.985974 -0.044531 -0.032351
1614647216.631271 5.408250 -4.628222 0.629013 -0.167679 0.984253 -0.049228 -0.026587
1614647216.731533 5.482706 -4.735672 0.626635 -0.176985 0.982770 -0.049257 -0.020352
1614647216.831739 5.559022 -4.838169 0.637337 -0.181072 0.982350 -0.042545 -0.019802
1614647216.931888 5.636244 -4.933866 0.649275 -0.194134 0.979580 -0.043980 -0.028280
1614647217.031772 5.714263 -5.024808 0.657181 -0.208101 0.976350 -0.039527 -0.043259
1614647217.132091 5.797278 -5.112078 0.649754 -0.210527 0.975813 -0.042695 -0.040550
1614647217.232254 5.887794 -5.197110 0.636809 -0.210742 0.975587 -0.053824 -0.030331
1614647217.332567 5.980312 -5.280535 0.636899 -0.205287 0.976607 -0.059300 -0.024053
1614647217.432110 6.067847 -5.360792 0.645800 -0.209944 0.975820 -0.058961 -0.014920
1614647217.531757 6.157698 -5.439497 0.657918 -0.217088 0.974958 -0.042982 -0.021948
1614647217.631561 6.247229 -5.520045 0.657697 -0.221390 0.974430 -0.030951 -0.022672
1614647217.731440 6.336704 -5.605568 0.644140 -0.229283 0.972567 -0.034570 -0.018627
1614647217.831825 6.429877 -5.704065 0.633010 -0.233611 0.971620 -0.031597 -0.019534
1614647217.932018 6.521086 -5.802891 0.632960 -0.234445 0.971799 -0.020951 -0.014265
1614647218.031608 6.609409 -5.896069 0.642502 -0.247351 0.968389 -0.029605 -0.012770
1614647218.131565 6.702669 -5.984425 0.656708 -0.263181 0.964138 -0.023845 -0.024594
1614647218.231640 6.797374 -6.067078 0.662827 -0.275041 0.960581 -0.022298 -0.033757
1614647218.331536 6.897091 -6.146012 0.651403 -0.282169 0.958322 -0.036126 -0.026350
1614647218.431912 7.008232 -6.224481 0.636748 -0.284649 0.957526 -0.042349 -0.018055
1614647218.532057 7.113941 -6.298508 0.635700 -0.286732 0.956284 -0.056319 -0.011612
1614647218.632250 7.214228 -6.372014 0.646279 -0.292837 0.954735 -0.051061 -0.010958
1614647218.731827 7.312811 -6.441541 0.656028 -0.291134 0.955730 -0.038287 -0.018835
1614647218.831872 7.412069 -6.514698 0.654287 -0.300261 0.953133 -0.030887 -0.020642
1614647218.933002 7.515142 -6.593686 0.634698 -0.312870 0.948730 -0.041029 -0.018421
1614647219.031143 7.620250 -6.678385 0.619219 -0.321841 0.945378 -0.045021 -0.025541
1614647219.131201 7.728318 -6.764008 0.615179 -0.332077 0.941917 -0.047430 -0.016369
1614647219.231359 7.838299 -6.841595 0.627257 -0.345027 0.937059 -0.050218 -0.018861
1614647219.331240 7.949889 -6.909107 0.642836 -0.361605 0.930351 -0.051600 -0.032047
1614647219.431539 8.063860 -6.967508 0.643510 -0.374235 0.924736 -0.061012 -0.032997
1614647219.531640 8.184188 -7.016743 0.623060 -0.383043 0.920503 -0.074122 -0.021392
1614647219.631789 8.314645 -7.060732 0.602345 -0.397006 0.914285 -0.078413 -0.017879
1614647219.731813 8.439935 -7.100956 0.593130 -0.409527 0.908496 -0.082333 -0.011946
1614647219.831717 8.560791 -7.140890 0.597376 -0.426403 0.901265 -0.076245 -0.009401
1614647219.931816 8.678394 -7.179285 0.604904 -0.435630 0.897783 -0.061879 -0.019546
1614647220.031841 8.795545 -7.219595 0.602359 -0.453963 0.888587 -0.057764 -0.031531
1614647220.131479 8.915557 -7.262102 0.583462 -0.468277 0.880396 -0.069046 -0.029187
1614647220.231281 9.041810 -7.308818 0.567254 -0.485554 0.870564 -0.076165 -0.023554
1614647220.331414 9.164250 -7.351797 0.566114 -0.504755 0.859568 -0.077925 -0.017122
1614647220.431237 9.281473 -7.384583 0.576013 -0.524758 0.846522 -0.088436 -0.014461
1614647220.531216 9.400811 -7.406956 0.588677 -0.548973 0.831184 -0.084881 -0.023591
1614647220.631610 9.519244 -7.417286 0.588330 -0.564059 0.820975 -0.083977 -0.028040
1614647220.732229 9.637794 -7.416881 0.568260 -0.576093 0.812876 -0.083149 -0.020860
1614647220.832811 9.757668 -7.405820 0.545513 -0.578151 0.811241 -0.086768 -0.010043
1614647220.932533 9.876600 -7.394166 0.537311 -0.582808 0.808097 -0.085039 -0.009017
1614647221.032429 9.992581 -7.382724 0.541861 -0.590093 0.802710 -0.085069 -0.014510
1614647221.132088 10.104663 -7.370416 0.549089 -0.591968 0.801743 -0.077091 -0.028978
1614647221.232197 10.218224 -7.361609 0.542738 -0.597542 0.797784 -0.075199 -0.028806
1614647221.332120 10.339391 -7.354851 0.522593 -0.596949 0.798030 -0.078317 -0.025818
1614647221.431918 10.472394 -7.350962 0.500066 -0.601248 0.794417 -0.083729 -0.019784
1614647221.531767 10.609178 -7.344928 0.487984 -0.608696 0.789683 -0.076332 -0.007880
1614647221.630988 10.738736 -7.333526 0.492325 -0.625637 0.777094 -0.068224 -0.006934
1614647221.730718 10.863762 -7.317824 0.503016 -0.645804 0.761203 -0.055392 -0.020951
1614647221.830856 10.985868 -7.296711 0.503332 -0.660133 0.749142 -0.050135 -0.022269
1614647221.931401 11.112152 -7.267370 0.487929 -0.669133 0.740853 -0.057644 -0.008618
1614647222.031776 11.244751 -7.235102 0.476907 -0.674283 0.736228 -0.057518 0.001302
1614647222.132274 11.372922 -7.203606 0.479722 -0.678494 0.731601 -0.064358 0.016239
1614647222.231927 11.497097 -7.174111 0.494926 -0.685189 0.725695 -0.058538 0.021369
1614647222.332041 11.615696 -7.142380 0.511684 -0.691442 0.720708 -0.049440 0.006589
1614647222.431481 11.733342 -7.113387 0.513066 -0.699650 0.712827 -0.048556 0.002959
1614647222.531242 11.857720 -7.090950 0.499177 0.708148 -0.704365 0.048186 -0.008604
1614647222.631027 11.987996 -7.072325 0.489234 0.720499 -0.691605 0.048844 -0.013375
1614647222.730977 12.110328 -7.053642 0.492162 0.733405 -0.677597 0.051534 -0.017975
1614647222.833236 12.227148 -7.030315 0.506791 0.743896 -0.665801 0.053992 -0.020309
1614647222.931237 12.335791 -7.004414 0.519170 0.757243 -0.651256 0.048870 -0.007691
1614647223.031681 12.438531 -6.973032 0.518803 0.760805 -0.646869 0.051788 -0.007358
1614647223.132720 12.545338 -6.936402 0.505317 0.766183 -0.639692 0.057102 -0.022270
1614647223.231998 12.652252 -6.893568 0.497951 0.767376 -0.637743 0.059953 -0.028710
1614647223.332415 12.752237 -6.848663 0.504841 0.762229 -0.644022 0.060984 -0.022884
1614647223.432161 12.848674 -6.805902 0.522744 0.757641 -0.648780 0.061482 -0.035855
1614647223.531919 12.944780 -6.762575 0.551315 0.756881 -0.651209 0.050763 -0.021932
1614647223.631213 13.044565 -6.721962 0.573453 0.759556 -0.648110 0.048202 -0.026540
1614647223.730814 13.153201 -6.682092 0.589204 0.763232 -0.642470 0.056168 -0.039416
1614647223.831026 13.275927 -6.642715 0.607513 0.767052 -0.638072 0.044055 -0.050548
1614647223.930634 13.402425 -6.602022 0.638242 0.776549 -0.627119 0.032754 -0.051199
1614647224.030563 13.526155 -6.558695 0.683757 0.788954 -0.612047 0.035573 -0.041054
1614647224.130530 13.641452 -6.511421 0.733762 0.798814 -0.598988 0.048625 -0.027303
1614647224.230716 13.758967 -6.461842 0.776817 0.813722 -0.578234 0.056433 -0.017833
1614647224.330863 13.875678 -6.408358 0.804676 0.825240 -0.561071 0.061384 -0.020252
1614647224.431575 13.992223 -6.347441 0.824099 0.831204 -0.551891 0.062393 -0.024975
1614647224.531504 14.103040 -6.285655 0.844836 0.839144 -0.537249 0.079400 -0.029930
1614647224.631477 14.211865 -6.224565 0.872844 0.847750 -0.519465 0.103902 -0.026066
1614647224.731548 14.317490 -6.167040 0.892247 0.852838 -0.511342 0.104472 -0.016823
1614647224.831539 14.422535 -6.108757 0.892118 0.860537 -0.497091 0.110495 -0.012973
1614647224.931345 14.529953 -6.049562 0.868870 0.866040 -0.487952 0.108228 -0.012829
1614647225.031350 14.647501 -5.986192 0.841450 0.870964 -0.479065 0.109017 -0.005785
1614647225.131341 14.763742 -5.917978 0.823808 0.871432 -0.473712 0.127264 0.002733
1614647225.231048 14.876442 -5.845475 0.815671 0.876677 -0.461092 0.136617 0.012932
1614647225.330965 14.973919 -5.770385 0.799900 0.880241 -0.450648 0.147987 0.013839
1614647225.431200 15.063008 -5.691086 0.767900 0.882080 -0.441613 0.162458 0.022811
1614647225.531186 15.148591 -5.606213 0.713808 0.882562 -0.433852 0.177981 0.034356
1614647225.631520 15.232303 -5.516348 0.648536 0.881458 -0.427697 0.197520 0.033070
1614647225.731629 15.313253 -5.426387 0.586789 0.882671 -0.419817 0.209808 0.025010
1614647225.831425 15.386371 -5.335866 0.533490 0.886996 -0.414263 0.201911 0.029242
1614647225.930965 15.455025 -5.245896 0.481396 0.898047 -0.399560 0.178606 0.044302
1614647226.030761 15.520136 -5.155381 0.420398 0.907527 -0.382811 0.166155 0.047353
1614647226.130865 15.586319 -5.061556 0.352622 0.916593 -0.365985 0.153891 0.047216
1614647226.230976 15.657370 -4.963239 0.297053 0.923143 -0.352697 0.146124 0.045391
1614647226.331488 15.727626 -4.863326 0.268042 0.927975 -0.346125 0.122430 0.063806
1614647226.431946 15.782196 -4.774935 0.254072 0.930450 -0.345177 0.110166 0.054586
1614647226.531756 15.832035 -4.688152 0.245754 0.937184 -0.329183 0.107517 0.042001
1614647226.631922 15.877975 -4.597240 0.238666 0.938163 -0.326519 0.105867 0.045022
1614647226.733580 15.926447 -4.498367 0.221625 0.940960 -0.323285 0.094088 0.035043
1614647226.832135 15.969424 -4.392640 0.206272 0.942667 -0.323391 0.079738 0.020943
1614647226.932335 16.011464 -4.283404 0.207937 0.940055 -0.333764 0.069665 0.006680
1614647227.031760 16.051615 -4.176039 0.224168 0.940658 -0.333158 0.064545 0.001489
1614647227.131434 16.091086 -4.068609 0.247793 0.941599 -0.333516 0.043014 0.017586
1614647227.230912 16.131971 -3.958946 0.266446 0.943539 -0.328155 0.034480 0.029306
1614647227.330842 16.180646 -3.840900 0.267594 0.947506 -0.317360 0.024255 0.030459
1614647227.430888 16.237005 -3.711721 0.270318 0.948057 -0.316660 0.008899 0.028882
1614647227.530923 16.294992 -3.580415 0.288974 0.949654 -0.312459 -0.012848 0.019044
1614647227.630919 16.354465 -3.451578 0.322380 0.957117 -0.289136 -0.016717 0.006891
1614647227.730867 16.408323 -3.326166 0.359733 0.965016 -0.261952 -0.009912 0.005128
1614647227.831046 16.455946 -3.203958 0.386038 0.968675 -0.247977 -0.011863 0.005970
1614647227.931505 16.498662 -3.082999 0.393251 0.971273 -0.237388 -0.014319 -0.008359
1614647228.033464 16.538957 -2.959624 0.393518 0.974913 -0.219686 -0.020745 -0.029190
1614647228.131751 16.573263 -2.847834 0.405881 0.977151 -0.208059 -0.024107 -0.036153
1614647228.231978 16.606735 -2.748353 0.429778 0.977099 -0.205670 -0.031665 -0.044442
1614647228.332105 16.642389 -2.651640 0.453757 0.977043 -0.205089 -0.049544 -0.029501
1614647228.432009 16.678168 -2.553386 0.471637 0.976708 -0.206517 -0.057140 -0.011254
1614647228.531701 16.719692 -2.450575 0.474454 0.976458 -0.206815 -0.058503 -0.018294
1614647228.631263 16.769696 -2.339872 0.478135 0.976416 -0.204569 -0.062683 -0.028869
1614647228.733015 16.821043 -2.224271 0.501161 0.976873 -0.201894 -0.064348 -0.028590
1614647228.830704 16.867930 -2.118651 0.536621 0.979023 -0.193489 -0.050873 -0.038585
1614647228.930814 16.910153 -2.010610 0.570499 0.982653 -0.177254 -0.044062 -0.032127
1614647229.031090 16.945764 -1.901365 0.590747 0.984627 -0.167948 -0.045257 -0.015954
1614647229.130827 16.976045 -1.789311 0.588412 0.986246 -0.155687 -0.051109 -0.021633
1614647229.231318 17.001022 -1.673297 0.586241 0.987142 -0.149334 -0.048749 -0.029551
1614647229.331644 17.024972 -1.562234 0.596661 0.986901 -0.151278 -0.043228 -0.035678
1614647229.431977 17.049936 -1.459828 0.616952 0.985385 -0.159003 -0.050105 -0.034988
1614647229.531994 17.076630 -1.358663 0.638563 0.983680 -0.166079 -0.066902 -0.017759
1614647229.631601 17.106717 -1.252121 0.648937 0.982856 -0.167437 -0.077004 -0.005348
1614647229.731374 17.146236 -1.138852 0.648423 0.982098 -0.170476 -0.079083 -0.012903
1614647229.830994 17.196474 -1.015400 0.652604 0.980247 -0.174781 -0.090697 -0.018480
1614647229.931032 17.250925 -0.888952 0.678501 0.980050 -0.172694 -0.098361 -0.002206
1614647230.031126 17.302255 -0.769303 0.713813 0.980895 -0.172823 -0.088780 0.009716
1614647230.131043 17.349883 -0.652235 0.743570 0.982577 -0.170242 -0.073250 0.013925
1614647230.231367 17.393369 -0.533505 0.757631 0.982978 -0.173057 -0.058890 0.018357
1614647230.333644 17.434848 -0.407530 0.747722 0.983707 -0.173276 -0.047901 0.000857
1614647230.431678 17.468729 -0.282375 0.736302 0.982921 -0.179939 -0.034720 -0.016817
1614647230.531907 17.500488 -0.161975 0.728292 0.980403 -0.192918 -0.024964 -0.031122
1614647230.631992 17.531282 -0.052285 0.723322 0.978510 -0.202281 -0.025192 -0.031095
1614647230.732106 17.562123 0.053211 0.717659 0.974280 -0.222337 -0.035144 -0.010491
1614647230.832050 17.596569 0.159983 0.697695 0.971494 -0.234164 -0.036238 -0.007349
1614647230.931164 17.639167 0.272558 0.667413 0.969470 -0.242603 -0.033913 -0.011013
1614647231.031014 17.689964 0.394959 0.645731 0.967368 -0.251358 -0.030121 -0.010580
1614647231.130790 17.744088 0.516009 0.643689 0.965846 -0.256219 -0.038597 -0.001865
1614647231.230894 17.793268 0.637643 0.656131 0.964701 -0.261583 -0.029598 0.007058
1614647231.330593 17.839188 0.762801 0.669701 0.966818 -0.254766 -0.013003 0.013709
1614647231.430959 17.881931 0.888316 0.672475 0.965878 -0.258740 -0.006496 0.009542
1614647231.531223 17.922108 1.015926 0.658514 0.965460 -0.259863 -0.005117 -0.018241
1614647231.631489 17.954914 1.150085 0.650627 0.963792 -0.264687 0.006465 -0.031697
1614647231.731766 17.987279 1.281715 0.659628 0.961439 -0.273974 0.012382 -0.020488
1614647231.832097 18.020304 1.403452 0.670939 0.956853 -0.289204 0.003208 -0.027996
1614647231.932101 18.055282 1.524707 0.685059 0.951684 -0.307050 -0.004137 -0.000830
1614647232.033519 18.096904 1.649913 0.678558 0.948754 -0.316002 0.002263 0.001761
1614647232.131238 18.145607 1.781121 0.662234 0.945745 -0.324468 0.015101 -0.007683
1614647232.232047 18.206822 1.928353 0.656159 0.945590 -0.324976 0.012800 -0.009303
1614647232.330833 18.260561 2.075663 0.667899 0.944075 -0.329287 0.015643 -0.006903
1614647232.430665 18.309074 2.224011 0.685035 0.946199 -0.322288 0.028177 -0.006671
1614647232.530414 18.350950 2.367219 0.702617 0.950154 -0.307974 0.047832 0.008454
1614647232.630663 18.387636 2.508276 0.700845 0.952947 -0.297247 0.058699 0.009557
1614647232.730905 18.418805 2.652457 0.676500 0.955736 -0.288142 0.059512 0.000618
1614647232.831574 18.446955 2.793692 0.658480 0.955803 -0.287489 0.061369 -0.004906
1614647232.932129 18.467813 2.918936 0.654591 0.951615 -0.298853 0.069050 -0.018667
1614647233.032270 18.487421 3.036816 0.656983 0.951299 -0.300413 0.064953 -0.023729
1614647233.131907 18.509937 3.152942 0.658831 0.952565 -0.298064 0.061246 -0.005152
1614647233.231431 18.537160 3.268841 0.644538 0.955025 -0.290140 0.060423 -0.009734
1614647233.331185 18.573567 3.394477 0.626077 0.956224 -0.286142 0.058965 -0.016807
1614647233.431119 18.619608 3.529946 0.624995 0.959895 -0.275026 0.053914 -0.007509
1614647233.531347 18.660484 3.660353 0.640192 0.960879 -0.268485 0.066847 -0.012613
1614647233.630925 18.699870 3.790251 0.663743 0.964795 -0.251859 0.075438 -0.006885
1614647233.731008 18.733823 3.918757 0.682787 0.968715 -0.232022 0.087025 0.013525
1614647233.831454 18.761659 4.046178 0.680585 0.971231 -0.219037 0.093073 0.008363
1614647233.931704 18.783805 4.179702 0.664248 0.972246 -0.212605 0.097327 -0.008030
1614647234.032084 18.799909 4.315419 0.654913 0.970982 -0.214197 0.106189 -0.006070
1614647234.131612 18.814299 4.439217 0.655222 0.972340 -0.205515 0.110622 -0.009061
1614647234.231843 18.827975 4.559850 0.658520 0.975018 -0.196323 0.103604 -0.007985
1614647234.331739 18.840325 4.675446 0.658896 0.976586 -0.188160 0.104251 0.002739
1614647234.433107 18.856666 4.790244 0.642009 0.979642 -0.175628 0.097162 -0.004026
1614647234.531338 18.875777 4.906190 0.619359 0.981429 -0.167760 0.091043 -0.019091
1614647234.631474 18.897271 5.028145 0.614006 0.979960 -0.172206 0.096682 -0.025997
1614647234.731415 18.922620 5.148571 0.622339 0.981351 -0.163398 0.094151 -0.037247
1614647234.831238 18.943683 5.271082 0.641746 0.982695 -0.150817 0.101048 -0.036793
1614647234.931268 18.961746 5.393051 0.659795 0.984159 -0.137775 0.110200 -0.017478
1614647235.031206 18.978752 5.516551 0.658308 0.985542 -0.126937 0.111360 -0.013917
1614647235.131501 18.989621 5.645301 0.641952 0.985870 -0.128033 0.106286 -0.019263
1614647235.231528 18.998091 5.778318 0.635333 0.985768 -0.128443 0.106706 -0.019452
1614647235.331450 19.007292 5.902116 0.645656 0.985957 -0.122247 0.112789 -0.014962
1614647235.431470 19.019555 6.025445 0.660117 0.987451 -0.117917 0.105050 0.000159
1614647235.531555 19.036633 6.146917 0.670867 0.988608 -0.113266 0.098640 0.009768
1614647235.631605 19.055973 6.269231 0.664924 0.988451 -0.116034 0.097452 -0.002099
1614647235.731634 19.077530 6.403120 0.653864 0.986037 -0.126756 0.107535 -0.010054
1614647235.831541 19.105793 6.542775 0.653831 0.986860 -0.117663 0.110103 -0.011837
1614647235.931297 19.126319 6.678403 0.663468 0.986359 -0.112148 0.117892 -0.024900
1614647236.030990 19.140146 6.817843 0.680931 0.987876 -0.090808 0.123328 -0.025384
1614647236.130450 19.146351 6.954048 0.694745 0.989891 -0.068116 0.123801 -0.012186
1614647236.230530 19.146793 7.091752 0.691391 0.991216 -0.048991 0.121418 -0.018670
1614647236.330821 19.143038 7.235025 0.677839 0.992516 -0.025749 0.114753 -0.032879
1614647236.431717 19.133983 7.380061 0.677652 0.991072 -0.013065 0.121980 -0.052213
1614647236.531446 19.127491 7.520575 0.695286 0.990442 -0.002464 0.123556 -0.061250
1614647236.631588 19.118728 7.652560 0.719891 0.991142 0.018877 0.117382 -0.059191
1614647236.731477 19.108439 7.780108 0.735994 0.990994 0.036848 0.117293 -0.053058
1614647236.831804 19.102433 7.909503 0.731342 0.991659 0.057750 0.104065 -0.049468
1614647236.934733 19.099875 8.049052 0.718034 0.989136 0.084000 0.097050 -0.071655
1614647237.032792 19.096931 8.188511 0.720852 0.986496 0.108801 0.101481 -0.068487
1614647237.132282 19.089915 8.321968 0.735854 0.981839 0.139019 0.106609 -0.072811
1614647237.232400 19.068930 8.444198 0.755088 0.977088 0.166394 0.117274 -0.062121
1614647237.332635 19.041955 8.554912 0.765686 0.972939 0.188972 0.121051 -0.055008
1614647237.433522 19.007447 8.665922 0.760636 0.969148 0.209595 0.115072 -0.059832
1614647237.533824 18.966335 8.774548 0.743303 0.966636 0.218042 0.108607 -0.079229
1614647237.633775 18.920989 8.887515 0.737671 0.963977 0.224782 0.112013 -0.087604
1614647237.733690 18.873073 8.997789 0.746788 0.960759 0.230880 0.121538 -0.094160
1614647237.833149 18.822857 9.098673 0.758453 0.958103 0.240651 0.128237 -0.087642
1614647237.932905 18.770064 9.195284 0.762331 0.954517 0.256743 0.133070 -0.072614
1614647238.032688 18.713109 9.291970 0.746367 0.951494 0.268350 0.130042 -0.075736
1614647238.132606 18.654272 9.398902 0.721879 0.948962 0.279771 0.122451 -0.078769
1614647238.232736 18.592011 9.513478 0.707197 0.945132 0.293197 0.119734 -0.080158
1614647238.332548 18.529441 9.623374 0.708486 0.937273 0.315227 0.122725 -0.084200
1614647238.432606 18.462069 9.725008 0.720430 0.926857 0.340230 0.127233 -0.094819
1614647238.532622 18.389091 9.818142 0.732947 0.919041 0.360357 0.139074 -0.078517
1614647238.633399 18.310999 9.905815 0.730256 0.912829 0.376675 0.138444 -0.075444
1614647238.733920 18.226248 9.988913 0.711749 0.908496 0.388666 0.128877 -0.083457
1614647238.833421 18.136318 10.071376 0.694777 0.903419 0.404164 0.115056 -0.085134
1614647238.933488 18.047865 10.148351 0.692025 0.893913 0.425636 0.109700 -0.087865
1614647239.033262 17.958910 10.218466 0.701573 0.887420 0.436842 0.112630 -0.094707
1614647239.133220 17.867907 10.286239 0.712918 0.881345 0.452774 0.111509 -0.076103
1614647239.233526 17.774893 10.347564 0.714341 0.876361 0.464206 0.105886 -0.072750
1614647239.333452 17.676378 10.411328 0.701980 0.875187 0.468731 0.095367 -0.072413
1614647239.433643 17.570061 10.484909 0.685088 0.869735 0.479936 0.080982 -0.081638
1614647239.532987 17.458430 10.556092 0.681516 0.864288 0.488127 0.076982 -0.093869
1614647239.632451 17.341763 10.625755 0.693995 0.846919 0.517923 0.075468 -0.093749
1614647239.731968 17.223902 10.678947 0.710722 0.826957 0.545557 0.092138 -0.100103
1614647239.832036 17.100904 10.723868 0.718672 0.806409 0.573102 0.106889 -0.099162
1614647239.932149 16.972575 10.760297 0.708189 0.793355 0.591561 0.098591 -0.104513
1614647240.033376 16.834727 10.786230 0.690530 0.782496 0.604309 0.091838 -0.118644
1614647240.133478 16.697922 10.804349 0.683377 0.773617 0.614895 0.094167 -0.120640
1614647240.233860 16.566049 10.815871 0.687394 0.764449 0.625552 0.095504 -0.123210
1614647240.333696 16.439682 10.823251 0.694350 0.754656 0.640342 0.102355 -0.099899
1614647240.433481 16.318496 10.826374 0.691953 0.738110 0.658208 0.108093 -0.101346
1614647240.533959 16.194946 10.827068 0.673682 0.726469 0.670004 0.098851 -0.116475
1614647240.633082 16.062547 10.828591 0.658978 0.712209 0.685065 0.091449 -0.122810
1614647240.732745 15.929997 10.826086 0.661109 0.695837 0.702024 0.080614 -0.128353
1614647240.834290 15.799952 10.817269 0.679589 0.678299 0.720357 0.072477 -0.125471
1614647240.932830 15.681167 10.798085 0.703493 0.665167 0.732982 0.077579 -0.119462
1614647241.032917 15.562038 10.774454 0.721090 0.652339 0.745728 0.078334 -0.110484
1614647241.133204 15.443663 10.742945 0.722293 0.644489 0.753451 0.066229 -0.112067
1614647241.233549 15.321159 10.705127 0.722217 0.636471 0.761407 0.062341 -0.106196
1614647241.333391 15.205187 10.666952 0.732157 0.632223 0.765855 0.055443 -0.103373
1614647241.433064 15.095779 10.631784 0.752484 0.625639 0.773218 0.045931 -0.092738
1614647241.533024 14.993264 10.600667 0.775113 0.621606 0.778283 0.046926 -0.075364
1614647241.633005 14.891515 10.572015 0.789363 0.618079 0.781561 0.046104 -0.070812
1614647241.733538 14.783078 10.546907 0.787921 0.618309 0.782469 0.031050 -0.066870
1614647241.832945 14.664422 10.524503 0.787887 0.614764 0.785573 0.018799 -0.067727
1614647241.932623 14.548773 10.505908 0.800963 0.601257 0.796353 0.009225 -0.065017
1614647242.032698 14.442098 10.484260 0.825707 0.597943 0.798846 -0.007364 -0.065237
1614647242.132564 14.338249 10.457340 0.853003 0.586287 0.808475 -0.006526 -0.050920
1614647242.232977 14.238561 10.424526 0.869995 0.582807 0.811441 -0.005801 -0.043206
1614647242.333337 14.137187 10.388118 0.865380 0.583580 0.811027 -0.023103 -0.033715
1614647242.433620 14.030352 10.341277 0.856403 0.586075 0.809212 -0.029864 -0.028288
1614647242.533292 13.923256 10.292095 0.855449 0.588290 0.807882 -0.029682 -0.019006
1614647242.632897 13.819073 10.246839 0.864761 0.587721 0.808493 -0.029954 -0.005093
1614647242.732716 13.713551 10.201479 0.874185 0.584904 0.810974 -0.009994 0.010442
1614647242.833873 13.603366 10.151247 0.870003 0.580188 0.814336 0.001395 0.015401
1614647242.932239 13.491600 10.098648 0.849302 0.573666 0.818996 -0.007962 0.009476
1614647243.032674 13.369631 10.038642 0.828150 0.566158 0.823852 -0.020957 0.017135
1614647243.132047 13.253785 9.975371 0.821635 0.560418 0.827080 -0.033985 0.026753
1614647243.232209 13.145543 9.908448 0.826007 0.548089 0.834973 -0.039901 0.028758
1614647243.332112 13.045612 9.835247 0.833835 0.532601 0.845452 -0.029845 0.025632
1614647243.432590 12.950204 9.757873 0.831289 0.522264 0.851869 -0.025317 0.030303
1614647243.532986 12.858354 9.673044 0.811834 0.517293 0.854163 -0.042989 0.031088
1614647243.633506 12.768764 9.579181 0.798753 0.516238 0.854514 -0.047428 0.032495
1614647243.733041 12.683752 9.489347 0.798862 0.514065 0.855908 -0.037488 0.041881
1614647243.832886 12.599345 9.407343 0.808829 0.508519 0.859164 -0.037084 0.043251
1614647243.932903 12.517275 9.329142 0.821504 0.513357 0.856702 -0.021081 0.045618
1614647244.032459 12.431547 9.250625 0.814905 0.509310 0.859157 -0.025802 0.042263
1614647244.132181 12.343285 9.168952 0.795425 0.502866 0.863186 -0.040950 0.018956
1614647244.231984 12.246893 9.083800 0.784412 0.494789 0.867540 -0.049339 0.011153
1614647244.332089 12.150044 9.000387 0.786613 0.483450 0.872163 -0.069174 0.028689
1614647244.432012 12.058085 8.913798 0.805626 0.474150 0.878142 -0.057632 0.026981
1614647244.532361 11.969149 8.830533 0.821368 0.466337 0.883281 -0.031861 0.036455
1614647244.634059 11.882864 8.745918 0.815678 0.466602 0.882335 -0.049151 0.036757
1614647244.732583 11.798770 8.655527 0.795124 0.470838 0.879122 -0.062476 0.039411
1614647244.833095 11.713077 8.557186 0.778603 0.481741 0.872811 -0.062307 0.047374
1614647244.932748 11.628229 8.463492 0.773219 0.492974 0.866532 -0.054329 0.056093
1614647245.034116 11.538576 8.375803 0.777661 0.494548 0.865797 -0.035951 0.067273
1614647245.132196 11.452027 8.291963 0.776338 0.505096 0.860019 -0.027732 0.066905
1614647245.232019 11.355341 8.203835 0.759192 0.506509 0.859489 -0.033485 0.060049
1614647245.331610 11.254014 8.110553 0.735530 0.511064 0.856737 -0.050513 0.047578
1614647245.431972 11.152906 8.011167 0.722881 0.510133 0.856451 -0.066382 0.043003
1614647245.531801 11.061245 7.916784 0.730095 0.511198 0.856437 -0.058847 0.041593
1614647245.631921 10.973300 7.822418 0.738452 0.505162 0.859748 -0.065069 0.037549
1614647245.732432 10.890538 7.723219 0.749170 0.506355 0.860730 -0.045433 0.026149
1614647245.832558 10.809253 7.621779 0.738577 0.510103 0.857745 -0.058519 0.025364
1614647245.934848 10.725543 7.510645 0.719249 0.518206 0.851148 -0.075951 0.035235
1614647246.033075 10.648834 7.403832 0.717619 0.534164 0.840493 -0.079678 0.043494
1614647246.132894 10.573854 7.302921 0.730149 0.549948 0.829300 -0.089309 0.042928
1614647246.232511 10.495612 7.205919 0.750180 0.561287 0.823260 -0.071849 0.045150
1614647246.334055 10.412138 7.108046 0.755641 0.569767 0.818159 -0.066723 0.039121
1614647246.431845 10.324592 7.010423 0.740459 0.575605 0.813980 -0.072060 0.030373
1614647246.533428 10.225344 6.906933 0.719931 0.579398 0.810127 -0.079847 0.040203
1614647246.631456 10.129356 6.802021 0.712004 0.583162 0.806003 -0.086470 0.052956
1614647246.733131 10.036128 6.694389 0.721417 0.583428 0.805244 -0.089151 0.056977
1614647246.831381 9.947912 6.592514 0.736910 0.573295 0.814752 -0.070817 0.049969
1614647246.933143 9.862187 6.485762 0.742602 0.571392 0.817783 -0.055397 0.040907
1614647247.031910 9.779784 6.378442 0.724667 0.565825 0.820853 -0.066751 0.039827
1614647247.132573 9.698381 6.260181 0.698722 0.568504 0.817479 -0.075241 0.053572
1614647247.232830 9.620393 6.147087 0.687113 0.574557 0.812913 -0.070796 0.063598
1614647247.332761 9.541877 6.045292 0.689549 0.578686 0.809465 -0.074228 0.066176
1614647247.433580 9.461062 5.949317 0.699658 0.591875 0.800789 -0.058495 0.070712
1614647247.532689 9.376469 5.860253 0.697364 0.602356 0.793512 -0.059443 0.063034
1614647247.632309 9.281832 5.772962 0.675265 0.608403 0.788896 -0.070221 0.050585
1614647247.731716 9.173030 5.685422 0.661677 0.609009 0.788618 -0.068700 0.049694
1614647247.831810 9.067930 5.599360 0.664174 0.614272 0.784358 -0.065363 0.056382
1614647247.931604 8.969556 5.516371 0.675652 0.618298 0.780890 -0.069194 0.055948
1614647248.031857 8.872621 5.431712 0.690361 0.614625 0.785414 -0.052179 0.051373
1614647248.131808 8.783408 5.346761 0.689249 0.614825 0.785630 -0.055731 0.040866
1614647248.231826 8.692438 5.255116 0.673493 0.611697 0.787176 -0.070639 0.034502
1614647248.332246 8.601218 5.155754 0.659670 0.611011 0.786914 -0.078732 0.035113
1614647248.432885 8.516959 5.062465 0.660074 0.615803 0.782466 -0.085855 0.034087
1614647248.532869 8.436451 4.974957 0.674585 0.624922 0.775841 -0.080128 0.033503
1614647248.632775 8.351813 4.891697 0.690407 0.625778 0.776645 -0.060227 0.039961
1614647248.732149 8.263794 4.809790 0.687238 0.621384 0.780104 -0.062273 0.037971
1614647248.832095 8.169707 4.724691 0.671647 0.620617 0.779982 -0.072540 0.034663
1614647248.931998 8.068522 4.639038 0.662753 0.620199 0.778838 -0.081845 0.045454
1614647249.031998 7.975412 4.557322 0.669298 0.621298 0.776794 -0.085676 0.056919
1614647249.131744 7.886203 4.479719 0.681951 0.614777 0.782983 -0.077620 0.054413
1614647249.233747 7.799101 4.401581 0.692646 0.608240 0.789970 -0.057250 0.052090
1614647249.332326 7.719110 4.324015 0.689063 0.606549 0.791900 -0.053443 0.046222
1614647249.432366 7.637282 4.239537 0.671850 0.607154 0.790717 -0.064793 0.043963
1614647249.532608 7.556403 4.151213 0.660968 0.618473 0.781791 -0.067201 0.042167
1614647249.632984 7.477796 4.073266 0.657568 0.629220 0.771794 -0.080094 0.044739
1614647249.732933 7.399209 3.999389 0.664027 0.639529 0.762897 -0.081835 0.047896
1614647249.832861 7.319878 3.928540 0.673639 0.655004 0.751117 -0.063540 0.052500
1614647249.932571 7.235081 3.861117 0.666519 0.663634 0.743041 -0.072166 0.047658
1614647250.032493 7.140284 3.792012 0.649095 0.674635 0.732298 -0.084041 0.039294
1614647250.131731 7.033857 3.722205 0.638833 0.682268 0.724214 -0.088905 0.046060
1614647250.231758 6.930397 3.653072 0.641918 0.684852 0.722321 -0.083629 0.047290
1614647250.331333 6.831185 3.586900 0.649935 0.682072 0.725311 -0.083751 0.041083
1614647250.431304 6.733798 3.519474 0.660162 0.678401 0.730590 -0.066917 0.039138
1614647250.532139 6.639500 3.446866 0.656820 0.684219 0.725447 -0.062658 0.040554
1614647250.632667 6.545295 3.370576 0.638358 0.688604 0.719779 -0.077504 0.041662
1614647250.732693 6.454100 3.289197 0.629828 0.699121 0.709596 -0.078430 0.039386
1614647250.832809 6.367096 3.217737 0.633507 0.708051 0.699585 -0.086150 0.042696
1614647250.932739 6.280098 3.152455 0.644605 0.719567 0.687924 -0.082002 0.047534
1614647251.032899 6.192191 3.092679 0.653983 0.731881 0.676359 -0.062612 0.054489
1614647251.132389 6.100418 3.037821 0.640517 0.737681 0.669670 -0.073939 0.043600
1614647251.232495 5.996041 2.981611 0.620627 0.747944 0.657724 -0.081844 0.035782
1614647251.332279 5.884775 2.930360 0.612808 0.755741 0.647221 -0.089772 0.043599
1614647251.432179 5.775592 2.882956 0.618116 0.762458 0.639031 -0.086164 0.053599
1614647251.531672 5.666276 2.840040 0.625599 0.761548 0.641467 -0.077913 0.049937
1614647251.632038 5.556910 2.800263 0.628452 0.765582 0.637627 -0.065923 0.054497
1614647251.732625 5.442408 2.759313 0.617681 0.772713 0.628417 -0.077025 0.045543
1614647251.832841 5.323261 2.717750 0.602689 0.782835 0.614645 -0.085804 0.044937
1614647251.933087 5.203385 2.678674 0.595504 0.794644 0.598266 -0.088851 0.052204
1614647252.033153 5.089190 2.646445 0.600441 0.806627 0.581391 -0.093191 0.051514
1614647252.132928 4.976695 2.624135 0.613922 0.815756 0.570169 -0.079440 0.056025
1614647252.232608 4.860880 2.609702 0.616732 0.824704 0.557377 -0.083282 0.047523
1614647252.332381 4.733922 2.600998 0.607062 0.833700 0.542970 -0.092537 0.039558
1614647252.432113 4.597704 2.598793 0.602049 0.841354 0.530875 -0.095441 0.034448
1614647252.532211 4.461652 2.600525 0.608709 0.847774 0.519798 -0.100879 0.030217
1614647252.631840 4.332063 2.605100 0.626477 0.849256 0.517133 -0.102498 0.028821
1614647252.731793 4.212090 2.607215 0.647323 0.854519 0.509938 -0.095831 0.024010
1614647252.832363 4.094260 2.611920 0.661809 0.861977 0.499066 -0.086723 0.020204
1614647252.933985 3.975010 2.620185 0.658654 0.866335 0.489871 -0.095532 0.019051
1614647253.033030 3.859410 2.627949 0.654889 0.877162 0.469969 -0.096688 0.019154
1614647253.134918 3.749829 2.639930 0.657493 0.897322 0.428828 -0.104429 0.003827
1614647253.233832 3.653965 2.658808 0.663849 0.916322 0.384034 -0.113423 -0.002660
1614647253.333188 3.566070 2.692266 0.672566 0.928033 0.357826 -0.102784 0.012261
1614647253.432710 3.486000 2.735255 0.675530 0.938469 0.333277 -0.088200 0.020549
1614647253.531556 3.410787 2.791424 0.664589 0.944202 0.316952 -0.088767 0.012008
1614647253.632612 3.333094 2.861066 0.648542 0.949493 0.300403 -0.090665 -0.000345
1614647253.731164 3.260663 2.938948 0.641658 0.954343 0.282014 -0.098213 -0.007241
1614647253.831812 3.191450 3.021332 0.648333 0.961563 0.258691 -0.091983 -0.003929
1614647253.931891 3.130095 3.105600 0.654020 0.968070 0.236013 -0.084446 -0.002772
1614647254.032279 3.074372 3.195504 0.653991 0.973131 0.215523 -0.080972 -0.003076
1614647254.132690 3.018976 3.288895 0.644766 0.978257 0.192130 -0.077085 -0.012523
1614647254.232794 2.961788 3.390319 0.627996 0.982249 0.165907 -0.083661 -0.025745
1614647254.332586 2.906675 3.497225 0.621153 0.986258 0.136763 -0.083479 -0.040267
1614647254.432701 2.865628 3.606836 0.625278 0.988929 0.110219 -0.084125 -0.052861
1614647254.532517 2.833069 3.716880 0.636237 0.992985 0.079500 -0.074577 -0.045822
1614647254.631889 2.810179 3.834134 0.639925 0.995248 0.064312 -0.066348 -0.030703
1614647254.731385 2.792720 3.959597 0.624244 0.995930 0.055941 -0.060764 -0.036094
1614647254.830943 2.782342 4.101106 0.605260 0.995742 0.056535 -0.057398 -0.044798
1614647254.930932 2.771510 4.247360 0.600988 0.995105 0.068486 -0.053824 -0.046667
1614647255.030999 2.754223 4.387976 0.612334 0.994851 0.075199 -0.043411 -0.052268
1614647255.131244 2.735777 4.523858 0.624869 0.993481 0.094503 -0.032829 -0.054653
1614647255.231920 2.712431 4.654047 0.630827 0.992810 0.105723 -0.026934 -0.049246
1614647255.332800 2.682829 4.782230 0.624528 0.991612 0.113390 -0.021708 -0.058121
1614647255.434553 2.644136 4.915920 0.615991 0.989154 0.123218 -0.020450 -0.077293
1614647255.533027 2.602130 5.042113 0.620708 0.987803 0.129468 -0.015924 -0.085025
1614647255.632926 2.558483 5.162885 0.640922 0.986410 0.139984 -0.006299 -0.085794
1614647255.734263 2.516154 5.277647 0.662602 0.983953 0.161664 -0.004974 -0.075347
1614647255.832087 2.470941 5.380569 0.672618 0.980933 0.180206 -0.003215 -0.072706
1614647255.931798 2.420663 5.487758 0.669666 0.975847 0.202521 -0.010540 -0.081219
1614647256.031421 2.365185 5.599553 0.667890 0.968204 0.233763 -0.018541 -0.087131
1614647256.131555 2.304783 5.705299 0.675505 0.958694 0.268602 -0.020622 -0.091289
1614647256.231260 2.240466 5.799827 0.693359 0.946561 0.308812 -0.012812 -0.092158
1614647256.331762 2.168172 5.879519 0.709218 0.936707 0.340489 -0.008378 -0.081103
1614647256.432963 2.087759 5.948058 0.712160 0.929471 0.360060 -0.010337 -0.079580
1614647256.532783 1.999164 6.012032 0.701513 0.919920 0.384201 -0.015627 -0.076767
1614647256.632997 1.897571 6.070799 0.687464 0.910973 0.404017 -0.017975 -0.081094
1614647256.733184 1.791502 6.125174 0.683823 0.904008 0.420207 -0.012915 -0.077646
1614647256.832976 1.688241 6.172235 0.689904 0.899067 0.432206 -0.012406 -0.068722
1614647256.932935 1.584967 6.215242 0.696859 0.893115 0.446390 -0.009893 -0.054625
1614647257.032620 1.481545 6.255130 0.699862 0.884277 0.464405 -0.003653 -0.048658
1614647257.132329 1.374710 6.293202 0.692208 0.875828 0.479258 -0.001160 -0.056882
1614647257.232235 1.259241 6.336447 0.681481 0.865624 0.496886 -0.017984 -0.058949
1614647257.332167 1.138787 6.373940 0.685187 0.853001 0.518150 -0.018696 -0.059664
1614647257.432068 1.022295 6.401851 0.698794 0.840814 0.537811 -0.017998 -0.058882
1614647257.531852 0.907222 6.424050 0.714064 0.824284 0.563292 -0.011690 -0.055875
1614647257.632031 0.793569 6.439118 0.721598 0.811144 0.581543 -0.006640 -0.061721
1614647257.732220 0.676183 6.450351 0.717655 0.797390 0.599534 -0.015844 -0.066911
1614647257.834092 0.554094 6.454671 0.714819 0.787811 0.611744 -0.024963 -0.067089
1614647257.933098 0.439950 6.455354 0.721636 0.785458 0.614459 -0.032255 -0.066742
1614647258.033064 0.327793 6.456205 0.734920 0.783408 0.617393 -0.032281 -0.063691
1614647258.133281 0.216368 6.457962 0.746161 0.783714 0.619239 -0.016431 -0.045446
1614647258.232337 0.102493 6.462489 0.745015 0.775422 0.629731 -0.008000 -0.045779
1614647258.332199 -0.020100 6.466619 0.730740 0.766966 0.638088 -0.009768 -0.067173
1614647258.431747 -0.154132 6.473313 0.723071 0.756972 0.649390 -0.007497 -0.072321
1614647258.532086 -0.290316 6.475359 0.725117 0.747392 0.659152 -0.023231 -0.079903
1614647258.631976 -0.425064 6.467102 0.741118 0.735585 0.672275 -0.012343 -0.082515
1614647258.731996 -0.554547 6.451575 0.755194 0.722462 0.686504 0.006815 -0.081941
1614647258.832016 -0.683096 6.429663 0.754229 0.711899 0.696337 0.016264 -0.089718
1614647258.932037 -0.817598 6.403566 0.738017 0.695861 0.711947 -0.002836 -0.094348
1614647259.033009 -0.950273 6.370943 0.724098 0.692943 0.715207 -0.010626 -0.090536
1614647259.133147 -1.072059 6.339279 0.719929 0.691576 0.716845 -0.011983 -0.087819
1614647259.232938 -1.188507 6.312530 0.722098 0.685594 0.724190 -0.001185 -0.074218
1614647259.332768 -1.300559 6.288834 0.715347 0.682168 0.728504 0.009196 -0.062001
1614647259.432639 -1.412322 6.269083 0.689562 0.681675 0.729534 0.005297 -0.055415
1614647259.534686 -1.531540 6.256075 0.650588 0.686871 0.724977 -0.015963 -0.048590
1614647259.632298 -1.654338 6.248167 0.628609 0.686448 0.726000 -0.014456 -0.038772
1614647259.732111 -1.777430 6.242441 0.625630 0.687550 0.725544 -0.003225 -0.029141
1614647259.831814 -1.895274 6.236155 0.632681 0.686897 0.726431 0.011525 -0.018362
1614647259.931777 -2.011131 6.229551 0.638719 0.686162 0.726961 0.020764 -0.016682
1614647260.032162 -2.130054 6.222568 0.630740 0.691623 0.721909 0.011855 -0.019077
1614647260.132564 -2.253955 6.212688 0.616549 0.699021 0.714802 -0.005844 -0.019843
1614647260.232557 -2.374981 6.199875 0.614962 0.705106 0.708495 -0.015322 -0.025010
1614647260.334159 -2.493933 6.189671 0.626251 0.710656 0.702444 -0.026244 -0.029179
1614647260.433125 -2.606520 6.182268 0.643761 0.720052 0.693625 -0.014183 -0.014418
1614647260.532925 -2.717052 6.179283 0.650079 0.728764 0.684549 -0.015855 -0.006587
1614647260.632593 -2.833485 6.179908 0.639186 0.735552 0.676781 -0.029100 -0.009175
1614647260.732135 -2.962547 6.185827 0.630795 0.733835 0.678519 -0.032054 -0.008409
1614647260.831647 -3.091862 6.192473 0.632230 0.731813 0.680319 -0.039501 -0.007465
1614647260.931952 -3.221369 6.195674 0.647588 0.731233 0.681020 -0.038807 -0.002082
1614647261.032000 -3.347090 6.192791 0.665685 0.731554 0.681206 -0.028037 -0.000336
1614647261.132236 -3.471008 6.188741 0.675204 0.733771 0.678989 -0.023542 -0.000163
1614647261.232990 -3.597521 6.183862 0.666376 0.738210 0.673112 -0.043637 -0.007863
1614647261.333172 -3.727401 6.177221 0.658779 0.747408 0.662455 -0.049612 -0.008582
1614647261.433195 -3.852254 6.173904 0.659150 0.756311 0.651423 -0.058781 -0.013642
1614647261.532962 -3.977633 6.175202 0.670752 0.761937 0.645306 -0.053685 -0.012243
1614647261.632821 -4.099588 6.178646 0.681214 0.771765 0.634576 -0.041135 0.000830
1614647261.732261 -4.224288 6.186069 0.679263 0.775512 0.630626 -0.029881 -0.000176
1614647261.831744 -4.358336 6.200471 0.662096 0.772016 0.634144 -0.042834 -0.004267
1614647261.931614 -4.500759 6.218510 0.652727 0.767123 0.639229 -0.053391 -0.007577
1614647262.031926 -4.639534 6.229907 0.660782 0.771258 0.634824 -0.043679 -0.015857
1614647262.131788 -4.774303 6.242133 0.677060 0.764968 0.642651 -0.038178 -0.019124
1614647262.232144 -4.904741 6.249325 0.691483 0.760590 0.648558 -0.025816 -0.014442
1614647262.334399 -5.036824 6.252292 0.690920 0.762450 0.646281 -0.025038 -0.019085
1614647262.432586 -5.166554 6.254350 0.674966 0.761701 0.646051 -0.037841 -0.031601
1614647262.532887 -5.301868 6.253351 0.665626 0.763900 0.643258 -0.038104 -0.034989
1614647262.633137 -5.435444 6.252492 0.668801 0.765110 0.641211 -0.037575 -0.045199
1614647262.732473 -5.565402 6.254776 0.679380 0.762114 0.645327 -0.027700 -0.044363
1614647262.832036 -5.693411 6.257361 0.684391 0.759513 0.649340 -0.009986 -0.037397
1614647262.931852 -5.824056 6.261981 0.671378 0.755603 0.654181 -0.004491 -0.033023
1614647263.032322 -5.960178 6.268871 0.643807 0.756442 0.652859 -0.013936 -0.037104
1614647263.132441 -6.103095 6.278224 0.624592 0.753089 0.656665 -0.015243 -0.037629
1614647263.231893 -6.241132 6.286031 0.623846 0.743147 0.668083 -0.003195 -0.037238
1614647263.331933 -6.375946 6.289621 0.632092 0.733835 0.678190 0.008148 -0.038441
1614647263.433819 -6.507232 6.289253 0.639533 0.724579 0.688133 0.012683 -0.036027
1614647263.532162 -6.631839 6.287819 0.636550 0.714065 0.698929 0.005341 -0.039766
1614647263.632702 -6.760187 6.284691 0.624715 0.707124 0.705538 -0.008060 -0.046120
1614647263.733076 -6.886764 6.279973 0.619843 0.704953 0.707510 -0.016454 -0.046900
1614647263.833079 -7.006402 6.279015 0.624260 0.699715 0.711472 -0.035006 -0.054603
1614647263.933352 -7.121430 6.279442 0.638904 0.702647 0.709878 -0.027929 -0.039752
1614647264.032994 -7.233082 6.282616 0.647164 0.703766 0.709633 -0.019913 -0.027161
1614647264.132904 -7.346419 6.291759 0.633399 0.705303 0.707886 -0.028225 -0.025468
1614647264.232660 -7.467221 6.307240 0.614296 0.704371 0.708434 -0.030516 -0.032418
1614647264.332358 -7.595515 6.326117 0.606044 0.698372 0.714125 -0.032892 -0.034938
1614647264.432227 -7.722982 6.342887 0.611819 0.696620 0.716110 -0.030662 -0.031084
1614647264.532153 -7.847347 6.356031 0.623165 0.691808 0.721458 -0.014010 -0.026521
1614647264.632593 -7.967807 6.365066 0.626082 0.688930 0.724413 -0.010991 -0.021929
1614647264.732972 -8.092148 6.370197 0.613962 0.689767 0.723471 -0.016553 -0.023179
1614647264.832999 -8.220530 6.373215 0.594994 0.692084 0.721139 -0.024383 -0.019590
1614647264.933705 -8.342252 6.374959 0.579570 0.706207 0.705841 -0.045701 -0.031171
1614647265.033634 -8.465786 6.379727 0.576888 0.716930 0.694800 -0.052693 -0.022089
1614647265.133064 -8.590343 6.384888 0.583729 0.720662 0.692422 -0.034269 -0.004987
1614647265.232407 -8.717035 6.390261 0.581556 0.719736 0.693931 -0.020939 -0.000464
1614647265.331714 -8.850657 6.399377 0.559996 0.711877 0.701782 -0.024991 -0.010425
1614647265.431566 -8.993314 6.410359 0.539336 0.702647 0.710986 -0.023819 -0.014773
1614647265.531842 -9.126364 6.419161 0.536406 0.696779 0.716577 -0.024917 -0.019868
1614647265.632339 -9.254737 6.424396 0.545838 0.688572 0.724408 -0.030100 -0.014010
1614647265.732491 -9.377455 6.424706 0.559336 0.682057 0.731203 -0.011717 -0.001750
1614647265.834536 -9.497558 6.424497 0.561030 0.679604 0.733266 -0.020233 -0.007133
1614647265.932954 -9.619542 6.422266 0.553261 0.675231 0.736601 -0.035765 -0.014284
1614647266.033286 -9.746818 6.416162 0.550610 0.676789 0.734608 -0.041505 -0.024178
1614647266.133112 -9.865228 6.411999 0.561430 0.683191 0.728193 -0.045597 -0.030083
1614647266.234830 -9.980962 6.409676 0.581062 0.686988 0.724339 -0.051873 -0.026265
1614647266.332677 -10.086784 6.406029 0.601729 0.699023 0.713882 -0.037472 -0.018293
1614647266.432084 -10.198878 6.406656 0.608980 0.700247 0.713135 -0.029759 -0.014356
1614647266.531570 -10.315664 6.411349 0.598320 0.697810 0.714410 -0.046627 -0.022486
1614647266.630971 -10.443702 6.419622 0.592405 0.688072 0.723149 -0.052553 -0.029167
1614647266.732900 -10.574406 6.428960 0.602025 0.680294 0.730346 -0.053544 -0.030468
1614647266.831373 -10.698774 6.437871 0.620599 0.669555 0.739859 -0.053695 -0.037712
1614647266.931938 -10.821877 6.439261 0.640020 0.661417 0.748115 -0.036048 -0.039393
1614647267.032466 -10.942246 6.435867 0.647069 0.661541 0.748428 -0.028327 -0.037647
1614647267.132594 -11.065956 6.428467 0.637373 0.656476 0.751870 -0.034339 -0.050516
1614647267.233189 -11.194921 6.415011 0.628790 0.657030 0.750719 -0.034714 -0.059384
1614647267.333089 -11.320883 6.400129 0.633031 0.664394 0.744006 -0.029995 -0.064309
1614647267.434709 -11.444545 6.387262 0.644939 0.668943 0.740391 -0.028269 -0.059478
1614647267.532668 -11.560056 6.375356 0.660009 0.671424 0.739503 -0.008977 -0.047373
1614647267.632207 -11.677844 6.363382 0.660610 0.668733 0.741899 -0.013733 -0.046840
1614647267.732116 -11.801816 6.348646 0.648236 0.664818 0.744448 -0.026161 -0.055948
1614647267.831981 -11.935929 6.332776 0.643301 0.652426 0.754847 -0.032266 -0.059202
1614647267.931711 -12.066835 6.313382 0.650187 0.639194 0.765629 -0.040958 -0.059722
1614647268.031861 -12.194062 6.287692 0.666564 0.618405 0.782428 -0.038685 -0.062331
1614647268.131984 -12.312707 6.253824 0.681014 0.600253 0.797487 -0.017645 -0.058306
1614647268.232726 -12.425787 6.213973 0.676069 0.588991 0.805533 -0.018649 -0.062110
1614647268.335344 -12.540873 6.164636 0.658524 0.575322 0.813596 -0.031953 -0.077749
1614647268.433557 -12.652026 6.108324 0.647695 0.572058 0.815595 -0.032001 -0.080810
1614647268.534299 -12.761240 6.046051 0.649044 0.570057 0.816669 -0.032246 -0.083948
1614647268.633269 -12.865532 5.982941 0.657989 0.561986 0.823374 -0.026109 -0.074473
1614647268.732463 -12.962962 5.916405 0.668281 0.550432 0.831976 -0.005505 -0.069359
1614647268.831893 -13.058069 5.847779 0.662755 0.533301 0.842938 -0.010906 -0.070184
1614647268.931600 -13.155314 5.771905 0.643887 0.512879 0.854573 -0.029659 -0.076035
1614647269.031502 -13.255866 5.687911 0.634356 0.491326 0.867106 -0.039372 -0.071941
1614647269.131743 -13.350085 5.601549 0.636260 0.464650 0.881172 -0.059318 -0.064174
1614647269.231597 -13.432926 5.510864 0.646051 0.434056 0.896382 -0.063160 -0.064069
1614647269.331918 -13.503131 5.415691 0.656228 0.403800 0.911270 -0.047137 -0.065659
1614647269.432175 -13.565839 5.317411 0.653957 0.372986 0.924365 -0.045833 -0.065799
1614647269.532825 -13.621656 5.209226 0.636572 0.343352 0.935342 -0.051908 -0.067457
1614647269.633131 -13.669065 5.093809 0.619854 0.325501 0.941390 -0.060700 -0.064420
1614647269.733739 -13.707516 4.978501 0.615782 0.314149 0.944289 -0.072018 -0.066649
1614647269.835051 -13.742255 4.864568 0.621758 0.295640 0.950511 -0.067890 -0.067210
1614647269.932646 -13.771831 4.758059 0.625492 0.277023 0.957633 -0.051891 -0.059195
1614647270.032095 -13.799330 4.647988 0.618853 0.255685 0.964046 -0.047804 -0.054367
1614647270.131671 -13.826308 4.531470 0.601229 0.230737 0.969605 -0.053810 -0.061088
1614647270.231421 -13.856464 4.410023 0.585202 0.203826 0.975202 -0.064231 -0.057526
1614647270.331538 -13.884105 4.290620 0.583342 0.175552 0.980808 -0.068283 -0.050335
1614647270.433199 -13.906289 4.177285 0.592198 0.142528 0.985927 -0.072509 -0.048746
1614647270.531603 -13.919900 4.074304 0.602120 0.107323 0.990827 -0.061943 -0.053915
1614647270.632318 -13.925713 3.975363 0.604212 0.078611 0.993672 -0.052506 -0.060664
1614647270.732841 -13.925831 3.876771 0.589809 0.050192 0.994770 -0.062613 -0.063190
1614647270.833522 -13.919022 3.773981 0.571151 0.032305 0.994863 -0.074276 -0.060714
1614647270.934358 -13.907587 3.675501 0.563086 0.029598 0.994229 -0.081839 -0.062723
1614647271.033901 -13.896885 3.580253 0.564983 0.019794 0.994728 -0.081010 -0.059685
1614647271.133896 -13.885560 3.488850 0.568326 0.008141 0.996064 -0.064329 -0.060426
1614647271.232881 -13.874582 3.400632 0.564297 -0.004292 0.996847 -0.050476 -0.061069
1614647271.332647 -13.867339 3.309493 0.543258 -0.016662 0.997098 -0.055346 -0.049555
1614647271.432370 -13.862992 3.210233 0.518523 -0.028338 0.996439 -0.068098 -0.040859
1614647271.532322 -13.860447 3.109338 0.505896 -0.041295 0.995676 -0.073040 -0.039857
1614647271.632443 -13.858924 3.016154 0.508060 -0.048270 0.995502 -0.067765 -0.045316
1614647271.732219 -13.856570 2.925273 0.510905 -0.063648 0.995069 -0.058898 -0.048145
1614647271.832606 -13.850575 2.834729 0.506310 -0.071834 0.995364 -0.041554 -0.048616
1614647271.933147 -13.842146 2.741275 0.484875 -0.075462 0.995180 -0.048564 -0.039536
1614647272.033485 -13.829290 2.639799 0.461786 -0.068894 0.995820 -0.051398 -0.030887
1614647272.133512 -13.814759 2.540024 0.449136 -0.054083 0.996635 -0.057484 -0.022119
1614647272.233955 -13.801295 2.442789 0.450378 -0.037791 0.997247 -0.063486 -0.006316
1614647272.333295 -13.789259 2.346489 0.462119 -0.024363 0.998469 -0.049630 0.001748
1614647272.434408 -13.779449 2.243604 0.471182 -0.013145 0.999099 -0.039908 0.006026
1614647272.532111 -13.771783 2.135390 0.469620 -0.003358 0.998988 -0.043115 0.012365
1614647272.631861 -13.766135 2.012951 0.472567 -0.002203 0.998718 -0.043609 0.025616
1614647272.731545 -13.760123 1.892687 0.489690 0.001238 0.998196 -0.044444 0.040358
1614647272.831498 -13.753426 1.773264 0.521268 0.002371 0.998325 -0.044093 0.037376
1614647272.931665 -13.750079 1.653855 0.557461 -0.004411 0.999271 -0.026886 0.026749
1614647273.031993 -13.744727 1.537020 0.584234 -0.003625 0.999458 -0.021120 0.024977
1614647273.132627 -13.736266 1.416564 0.594192 0.003937 0.999118 -0.030101 0.028995
1614647273.233110 -13.725487 1.291097 0.601474 0.018220 0.998578 -0.034509 0.036316
1614647273.335475 -13.715398 1.165822 0.617157 0.033404 0.997519 -0.045326 0.042248
1614647273.432990 -13.707310 1.049037 0.642983 0.044637 0.997034 -0.049052 0.039040
1614647273.532834 -13.703915 0.930556 0.670104 0.056194 0.997356 -0.030202 0.034810
1614647273.632286 -13.702620 0.810458 0.679296 0.064418 0.996876 -0.031433 0.033183
1614647273.733412 -13.705120 0.677971 0.670479 0.062156 0.996805 -0.041042 0.028836
1614647273.830972 -13.714188 0.538478 0.665343 0.046790 0.997257 -0.049804 0.028452
1614647273.931456 -13.719531 0.403715 0.672840 0.045011 0.997564 -0.049780 0.019001
1614647274.031434 -13.726503 0.283746 0.677961 0.042547 0.997122 -0.058686 0.022210
1614647274.131818 -13.731729 0.168270 0.680090 0.030149 0.998300 -0.047838 0.014119
1614647274.232181 -13.736725 0.059789 0.670492 0.030411 0.998730 -0.039967 0.003969
1614647274.332600 -13.744313 -0.049604 0.644735 0.028980 0.998360 -0.048970 0.006230
1614647274.433100 -13.750211 -0.163604 0.623204 0.036998 0.997787 -0.053444 0.013996
1614647274.532909 -13.757621 -0.273888 0.613999 0.046343 0.997170 -0.056672 0.017088
1614647274.632856 -13.768393 -0.384074 0.615961 0.047467 0.997066 -0.058491 0.013588
1614647274.732879 -13.780211 -0.493704 0.620775 0.057121 0.997408 -0.040895 0.015533
1614647274.832583 -13.793417 -0.608107 0.616276 0.064576 0.997074 -0.034529 0.021928
1614647274.931952 -13.808274 -0.730590 0.606777 0.064016 0.996562 -0.047804 0.021924
1614647275.031546 -13.825705 -0.860262 0.605853 0.055280 0.996473 -0.059580 0.020891
1614647275.133129 -13.840727 -0.991238 0.619061 0.045316 0.996689 -0.062177 0.026304
1614647275.231282 -13.852255 -1.117512 0.639516 0.026758 0.997945 -0.053067 0.023963
1614647275.332062 -13.858554 -1.236788 0.661412 0.022631 0.999239 -0.028905 0.013159
1614647275.432455 -13.863951 -1.353534 0.663876 0.022072 0.999285 -0.029777 0.007417
1614647275.532843 -13.868651 -1.474577 0.653368 0.019442 0.999013 -0.037693 0.013165
1614647275.633201 -13.869515 -1.596167 0.648486 0.026709 0.998618 -0.043414 0.012802
1614647275.733345 -13.875670 -1.707342 0.660051 0.040255 0.997847 -0.051608 -0.004178
1614647275.832991 -13.880818 -1.824176 0.672990 0.034571 0.997743 -0.056333 -0.011883
1614647275.932877 -13.877205 -1.946160 0.679993 0.039415 0.998716 -0.027909 -0.015319
1614647276.032457 -13.874140 -2.074423 0.663500 0.042767 0.998644 -0.028166 -0.009405
1614647276.132018 -13.875510 -2.217888 0.645320 0.036360 0.998716 -0.035182 -0.002687
1614647276.231633 -13.876520 -2.369873 0.642464 0.027403 0.999233 -0.027974 -0.000327
1614647276.331786 -13.873794 -2.515187 0.654874 0.027227 0.999294 -0.025777 -0.002321
1614647276.431507 -13.867563 -2.659501 0.668651 0.011260 0.999497 -0.028906 -0.006542
1614647276.531661 -13.855546 -2.800902 0.681010 0.001959 0.999694 -0.014627 -0.019846
1614647276.633276 -13.843469 -2.943404 0.676493 -0.013293 0.999423 -0.022409 -0.021776
1614647276.732041 -13.825513 -3.085936 0.662827 -0.027029 0.999026 -0.029874 -0.018005
1614647276.832211 -13.802296 -3.228266 0.656498 -0.035257 0.998496 -0.039447 -0.014384
1614647276.932345 -13.778281 -3.365158 0.661711 -0.043201 0.998209 -0.038367 -0.015515
1614647277.032557 -13.751427 -3.497293 0.669571 -0.049150 0.998461 -0.019693 -0.016493
1614647277.132326 -13.722436 -3.622322 0.670247 -0.055101 0.998229 -0.008395 -0.020790
1614647277.231672 -13.692512 -3.748503 0.654820 -0.073019 0.996969 -0.019933 -0.017969
1614647277.331513 -13.659650 -3.884063 0.635640 -0.095977 0.994641 -0.034705 -0.016505
1614647277.431304 -13.623800 -4.022467 0.629777 -0.117074 0.992250 -0.039430 -0.013360
1614647277.531134 -13.585488 -4.153971 0.637612 -0.144108 0.988719 -0.038207 -0.014432
1614647277.631025 -13.541540 -4.275945 0.646308 -0.181194 0.982728 -0.032833 -0.018367
1614647277.731514 -13.490738 -4.387543 0.647669 -0.208989 0.977185 -0.028069 -0.025387
1614647277.832025 -13.436270 -4.493792 0.633670 -0.232852 0.971451 -0.037905 -0.025024
1614647277.932704 -13.378017 -4.598189 0.611908 -0.251441 0.966394 -0.051679 -0.013773
1614647278.033081 -13.318140 -4.694636 0.599918 -0.264870 0.962526 -0.056649 -0.013374
1614647278.133106 -13.260488 -4.784695 0.599920 -0.285028 0.956675 -0.057264 -0.015898
1614647278.232691 -13.202513 -4.870798 0.602768 -0.303862 0.951513 -0.043705 -0.019522
1614647278.332755 -13.145833 -4.954053 0.601436 -0.319623 0.946910 -0.027763 -0.020773
1614647278.432231 -13.086283 -5.036507 0.585314 -0.337185 0.940531 -0.038089 -0.016053
1614647278.532071 -13.021517 -5.126601 0.565753 -0.354396 0.933616 -0.050086 -0.016000
1614647278.631649 -12.955871 -5.221549 0.552124 -0.380409 0.922295 -0.068224 0.002521
1614647278.731158 -12.886611 -5.312005 0.553867 -0.413748 0.907013 -0.077567 0.011129
1614647278.831289 -12.814414 -5.389978 0.561387 -0.448042 0.891278 -0.069714 0.004576
1614647278.931650 -12.742115 -5.456675 0.566047 -0.469962 0.880894 -0.055624 -0.008238
1614647279.032266 -12.669605 -5.519485 0.554671 -0.486329 0.872171 -0.052480 -0.006984
1614647279.132602 -12.592267 -5.578516 0.535542 -0.498522 0.864966 -0.057305 -0.005107
1614647279.233351 -12.512467 -5.633582 0.529205 -0.504387 0.860786 -0.066935 -0.012683
1614647279.332790 -12.435748 -5.687312 0.533388 -0.516217 0.853486 -0.070075 -0.013074
1614647279.432072 -12.358397 -5.736633 0.542692 -0.530522 0.845690 -0.053283 -0.022709
1614647279.531813 -12.278135 -5.780943 0.546241 -0.542620 0.838684 -0.041786 -0.020657
1614647279.631401 -12.189078 -5.823114 0.538565 -0.559382 0.827384 -0.045601 -0.021170
1614647279.730965 -12.093993 -5.868502 0.524488 -0.575816 0.815530 -0.055497 -0.016343
1614647279.831460 -11.994495 -5.913508 0.520038 -0.593749 0.802551 -0.057499 -0.008302
1614647279.931321 -11.900531 -5.950334 0.527673 -0.606858 0.792659 -0.058072 -0.006520
1614647280.031414 -11.806079 -5.980594 0.539604 -0.629302 0.775063 -0.055446 -0.013511
1614647280.131518 -11.711973 -6.005185 0.548734 -0.646951 0.760742 -0.043697 -0.028563
1614647280.234172 -11.615100 -6.026889 0.544007 -0.658745 0.750640 -0.043241 -0.026934
1614647280.332263 -11.517528 -6.044217 0.530884 -0.670033 0.740681 -0.047640 -0.013354
1614647280.432796 -11.411687 -6.056836 0.527404 -0.677485 0.733428 -0.054561 -0.010943
1614647280.532652 -11.310526 -6.069281 0.535161 -0.679812 0.731503 -0.051904 -0.007989
1614647280.632327 -11.208456 -6.084453 0.545339 -0.688038 0.724304 -0.044519 -0.002444
1614647280.732459 -11.105029 -6.098327 0.555418 -0.687366 0.725477 -0.029541 -0.018385
1614647280.832127 -10.998374 -6.117626 0.550344 -0.689213 0.723986 -0.027402 -0.008825
1614647280.931765 -10.881924 -6.142945 0.542329 -0.698902 0.714074 -0.040322 0.002930
1614647281.031634 -10.766072 -6.168430 0.543719 -0.706160 0.706683 -0.043320 0.007701
1614647281.131541 -10.652687 -6.191906 0.555995 0.711318 -0.701259 0.046194 -0.011362
1614647281.231381 -10.537679 -6.209566 0.569591 0.724187 -0.687885 0.048545 -0.003230
1614647281.331779 -10.423234 -6.220091 0.577006 0.727237 -0.685035 0.041283 0.012242
1614647281.432409 -10.306676 -6.229435 0.566851 0.728764 -0.683657 0.038811 0.003071
1614647281.532626 -10.182755 -6.233569 0.552709 0.725267 -0.687288 0.038704 -0.011194
1614647281.633509 -10.056080 -6.242085 0.550177 0.717646 -0.694794 0.040801 -0.024117
1614647281.732788 -9.930465 -6.252231 0.562397 0.711354 -0.701462 0.033215 -0.028692
1614647281.832637 -9.803896 -6.263412 0.582060 -0.701055 0.712659 -0.019911 0.015602
1614647281.932278 -9.673199 -6.281114 0.592929 -0.696960 0.716700 -0.014817 0.019163
1614647282.031675 -9.530327 -6.299643 0.592745 -0.700124 0.713645 -0.008646 0.021498
1614647282.130857 -9.382441 -6.317903 0.596039 -0.705436 0.708326 -0.009309 0.023397
1614647282.230822 -9.239264 -6.334702 0.608691 0.711842 -0.701355 0.019953 -0.031380
1614647282.330747 -9.098086 -6.346077 0.631422 0.721006 -0.691936 0.018344 -0.032214
1614647282.431035 -8.962898 -6.349219 0.654306 0.730732 -0.682361 0.013619 -0.015113
1614647282.531637 -8.836711 -6.349332 0.657325 0.732813 -0.679925 0.021144 -0.015479
1614647282.632142 -8.710832 -6.347268 0.643802 0.734001 -0.678290 0.023508 -0.024763
1614647282.732375 -8.584551 -6.344709 0.634774 0.738264 -0.673573 0.024469 -0.025814
1614647282.833045 -8.468189 -6.347067 0.634511 0.732220 -0.678936 0.032568 -0.042896
1614647282.933042 -8.355039 -6.346951 0.648990 0.723731 -0.688419 0.031364 -0.036178
1614647283.032763 -8.242748 -6.349466 0.662844 0.714363 -0.699155 0.025592 -0.014628
1614647283.132103 -8.124564 -6.358673 0.653864 0.713267 -0.700027 0.027032 -0.021943
1614647283.231513 -7.994522 -6.367545 0.639578 0.711532 -0.701773 0.028728 -0.020291
1614647283.331238 -7.857013 -6.378378 0.633595 0.720670 -0.692340 0.029938 -0.020112
1614647283.431088 -7.730223 -6.386483 0.636793 0.719612 -0.693372 0.032222 -0.018848
1614647283.530978 -7.600152 -6.394238 0.639507 0.728793 -0.683736 0.031812 -0.018812
1614647283.631219 -7.469152 -6.397534 0.641462 0.736536 -0.676124 0.019192 -0.001576
1614647283.732102 -7.339009 -6.396564 0.629667 0.735575 -0.677283 0.014667 0.001512
1614647283.832452 -7.207994 -6.394660 0.611129 0.733005 -0.679564 0.025875 -0.015053
1614647283.932939 -7.081375 -6.393158 0.607060 0.722726 -0.690192 0.020909 -0.029404
1614647284.033090 -6.961414 -6.390813 0.616610 0.715236 -0.697192 0.012244 -0.047033
1614647284.133048 -6.844963 -6.387903 0.632629 -0.700173 0.713299 -0.012954 0.028195
1614647284.232183 -6.715697 -6.397319 0.635294 -0.704477 0.709341 -0.007118 0.022271
1614647284.331895 -6.579805 -6.409119 0.628643 -0.704113 0.709577 -0.013376 0.023370
1614647284.431484 -6.436347 -6.426960 0.625835 0.706900 -0.706403 0.014576 -0.032781
1614647284.531466 -6.299030 -6.444913 0.637358 0.707909 -0.705037 0.025548 -0.033696
1614647284.630993 -6.168597 -6.461964 0.652267 0.711814 -0.701008 0.027398 -0.034035
1614647284.731164 -6.043435 -6.472270 0.664238 0.719239 -0.694187 0.023520 -0.015708
1614647284.831659 -5.925199 -6.478891 0.659978 0.720389 -0.692955 0.025542 -0.014157
1614647284.931595 -5.809122 -6.484477 0.639113 0.722193 -0.690423 0.030178 -0.029012
1614647285.031976 -5.692064 -6.487823 0.624160 0.721358 -0.690916 0.028400 -0.038351
1614647285.132179 -5.584195 -6.489572 0.621309 0.713888 -0.697250 0.043025 -0.048523
1614647285.232588 -5.479067 -6.492757 0.628409 0.708723 -0.702709 0.042658 -0.045749
1614647285.332256 -5.375222 -6.497798 0.633414 -0.705404 0.707203 -0.033300 0.034074
1614647285.432220 -5.264301 -6.505168 0.624259 -0.703966 0.708790 -0.029565 0.034261
1614647285.531536 -5.143024 -6.518104 0.605243 -0.702703 0.709212 -0.027294 0.049819
1614647285.631690 -5.008889 -6.537543 0.601349 -0.702030 0.709627 -0.011502 0.058744
1614647285.731462 -4.881139 -6.555183 0.613533 -0.700615 0.711823 -0.005273 0.049188
1614647285.833112 -4.754891 -6.572121 0.631291 -0.702633 0.710291 -0.009298 0.041311
1614647285.931365 -4.635070 -6.585587 0.646412 -0.706597 0.707054 -0.007738 0.027133
1614647286.031759 -4.514210 -6.597139 0.647849 -0.705275 0.708370 -0.008549 0.026922
1614647286.132153 -4.389223 -6.606129 0.638791 -0.703328 0.709667 -0.018375 0.036950
1614647286.232180 -4.261006 -6.611885 0.638573 -0.699943 0.712758 -0.022503 0.039353
1614647286.332304 -4.134767 -6.616010 0.644815 -0.693711 0.718014 -0.028683 0.048975
1614647286.432676 -4.010095 -6.620740 0.655334 -0.688061 0.724275 -0.020363 0.039785
1614647286.534350 -3.887176 -6.626624 0.662404 -0.678060 0.734440 -0.006705 0.028071
1614647286.631916 -3.765364 -6.635623 0.652854 -0.675646 0.736222 -0.010070 0.037131
1614647286.731554 -3.631101 -6.647162 0.641842 -0.673323 0.737733 -0.016960 0.045803
1614647286.831004 -3.493758 -6.661625 0.644787 -0.677675 0.732963 -0.020041 0.055868
1614647286.932671 -3.358142 -6.675010 0.663562 -0.681228 0.729507 -0.015931 0.059118
1614647287.030879 -3.229747 -6.682224 0.684994 -0.689710 0.722475 -0.018026 0.044787
1614647287.131286 -3.105039 -6.686048 0.699463 -0.690758 0.722410 -0.013389 0.028242
1614647287.231764 -2.980061 -6.688886 0.695788 -0.693815 0.719309 -0.019323 0.029016
1614647287.333289 -2.851651 -6.688779 0.684688 -0.693329 0.718979 -0.027676 0.039988
1614647287.432194 -2.732566 -6.684703 0.686145 -0.688074 0.723519 -0.031791 0.045426
1614647287.532559 -2.617926 -6.681575 0.697942 -0.682792 0.728166 -0.031354 0.050856
1614647287.632329 -2.504350 -6.677193 0.711819 -0.676988 0.734718 -0.022267 0.037164
1614647287.733777 -2.387898 -6.675525 0.714888 -0.672552 0.739197 -0.018112 0.030562
1614647287.831757 -2.267542 -6.677622 0.699780 -0.669948 0.741023 -0.021497 0.039907
1614647287.931171 -2.133689 -6.681819 0.688045 -0.674314 0.737092 -0.025328 0.036800
1614647288.030838 -2.001782 -6.685654 0.684353 -0.680796 0.729882 -0.033741 0.051482
1614647288.130626 -1.869428 -6.686056 0.695386 -0.691620 0.719922 -0.032086 0.048426
1614647288.230864 -1.742293 -6.680569 0.707122 -0.701918 0.711291 -0.024249 0.028073
1614647288.331315 -1.620999 -6.674277 0.703058 0.706865 -0.706636 0.023643 -0.021180
1614647288.431756 -1.495714 -6.667553 0.683868 0.708639 -0.703864 0.038875 -0.029914
1614647288.532300 -1.369942 -6.658885 0.670107 0.706877 -0.705385 0.042543 -0.030779
1614647288.632907 -1.255225 -6.647720 0.662626 -0.700334 0.710361 -0.050411 0.048766
1614647288.732783 -1.143446 -6.634389 0.668030 -0.697381 0.713458 -0.047809 0.048502
1614647288.832213 -1.031993 -6.620825 0.675342 -0.698909 0.713658 -0.035389 0.031102
1614647288.932150 -0.914143 -6.607048 0.664395 -0.703652 0.709411 -0.027495 0.029227
1614647289.031546 -0.788663 -6.594578 0.643089 0.708922 -0.703761 0.029130 -0.036093
1614647289.131314 -0.652873 -6.586491 0.632677 0.716054 -0.696120 0.032155 -0.040611
1614647289.233168 -0.517855 -6.580657 0.639396 0.719419 -0.692324 0.028842 -0.047860
1614647289.331216 -0.391157 -6.573817 0.656560 0.732087 -0.678995 0.028235 -0.047089
1614647289.433323 -0.264932 -6.559596 0.672076 0.738628 -0.673116 0.023679 -0.027980
1614647289.531811 -0.146103 -6.546071 0.670777 0.744050 -0.667067 0.024080 -0.028832
1614647289.632263 -0.025156 -6.527977 0.657358 0.749700 -0.660179 0.027891 -0.036560
1614647289.732697 0.094509 -6.508473 0.651276 0.748289 -0.661619 0.025005 -0.041208
1614647289.832873 0.206606 -6.492646 0.657430 0.743894 -0.665737 0.028272 -0.051158
1614647289.932707 0.316144 -6.479814 0.672133 0.743318 -0.667646 0.021061 -0.035814
1614647290.032355 0.423347 -6.468519 0.676826 0.742606 -0.669146 0.015545 -0.023200
1614647290.132196 0.537848 -6.457359 0.661018 0.742821 -0.668634 0.016818 -0.029374
1614647290.231555 0.666376 -6.449014 0.641574 0.747293 -0.663407 0.017796 -0.033584
1614647290.331383 0.798154 -6.443979 0.636077 0.752156 -0.657204 0.018307 -0.044828
1614647290.431506 0.927430 -6.438303 0.647048 0.758302 -0.650476 0.013360 -0.040982
1614647290.531555 1.049075 -6.427917 0.658331 0.766068 -0.642051 0.015836 -0.025663
1614647290.634005 1.166947 -6.413113 0.662825 0.765469 -0.643110 0.016496 -0.013942
1614647290.732456 1.283402 -6.397237 0.649802 0.768428 -0.639135 0.020177 -0.024855
1614647290.832564 1.406147 -6.373135 0.635224 0.768347 -0.638821 0.025648 -0.029892
1614647290.932872 1.521947 -6.348188 0.631808 0.762848 -0.644589 0.032306 -0.039029
1614647291.032874 1.633485 -6.326651 0.640842 0.759776 -0.648293 0.021812 -0.044515
1614647291.132206 1.740518 -6.304467 0.654208 0.760237 -0.648989 0.014134 -0.025550
1614647291.233590 1.853988 -6.283292 0.650343 0.764822 -0.643652 0.013028 -0.024292
1614647291.331719 1.971010 -6.264642 0.634166 0.767545 -0.640182 0.007041 -0.031492
1614647291.431372 2.104090 -6.246619 0.621788 0.774225 -0.632017 0.005803 -0.033103
1614647291.531425 2.237323 -6.231096 0.625989 0.777807 -0.627420 0.010345 -0.035406
1614647291.631608 2.368608 -6.219009 0.645740 0.785606 -0.618202 -0.006444 -0.024664
1614647291.731928 2.485143 -6.202738 0.666507 0.788015 -0.615525 -0.006904 -0.010651
1614647291.832265 2.595665 -6.188595 0.676749 0.788094 -0.615433 -0.002292 -0.012041
1614647291.932105 2.708140 -6.170296 0.674752 0.789772 -0.613019 0.005934 -0.020798
1614647292.032284 2.822813 -6.143402 0.671365 0.786688 -0.616397 0.013437 -0.031564
1614647292.132456 2.934259 -6.113241 0.677346 0.778886 -0.625395 0.021592 -0.041857
1614647292.232254 3.047521 -6.083646 0.694243 0.777954 -0.626887 0.014329 -0.039926
1614647292.332022 3.160459 -6.049678 0.712069 0.778093 -0.627952 0.008017 -0.013541
1614647292.431571 3.275275 -6.015468 0.710572 0.778871 -0.626953 0.005112 -0.016235
1614647292.531243 3.400047 -5.977520 0.696297 0.784508 -0.619340 0.011650 -0.028783
1614647292.631017 3.536855 -5.937287 0.685604 0.791911 -0.609371 0.017336 -0.035265
1614647292.730923 3.674427 -5.897760 0.688650 0.799634 -0.598122 0.024589 -0.047221
1614647292.830750 3.808775 -5.853396 0.704168 0.815578 -0.576097 0.031594 -0.044119
1614647292.930943 3.930335 -5.796879 0.718963 0.828531 -0.558677 0.029937 -0.022798
1614647293.031679 4.048929 -5.732209 0.718594 0.838830 -0.543181 0.031621 -0.017863
1614647293.132064 4.164984 -5.658086 0.702835 0.849375 -0.525696 0.040351 -0.024029
1614647293.232037 4.278902 -5.574521 0.687771 0.858164 -0.510200 0.046961 -0.032333
1614647293.332244 4.383602 -5.488253 0.684955 0.860531 -0.503864 0.060681 -0.043875
1614647293.432368 4.484084 -5.399954 0.693699 0.871407 -0.485282 0.057242 -0.043295
1614647293.531818 4.573899 -5.310994 0.706606 0.884594 -0.463068 0.050679 -0.022228
1614647293.631088 4.659607 -5.220418 0.702982 0.897393 -0.437471 0.051287 -0.025950
1614647293.731223 4.747781 -5.122430 0.687527 0.909698 -0.410259 0.055184 -0.033044
1614647293.830974 4.837196 -5.018719 0.674330 0.923665 -0.377576 0.052683 -0.038770
1614647293.932800 4.917739 -4.911232 0.674749 0.934322 -0.349665 0.056355 -0.040013
1614647294.031197 4.982549 -4.807336 0.680461 0.948060 -0.310373 0.052620 -0.045626
1614647294.131668 5.032197 -4.697106 0.686459 0.961556 -0.266334 0.058688 -0.032135
1614647294.231380 5.072405 -4.587606 0.680043 0.970738 -0.229976 0.061344 -0.031869
1614647294.331711 5.104216 -4.475247 0.661078 0.978259 -0.191953 0.059804 -0.050860
1614647294.431879 5.127056 -4.361302 0.649074 0.984150 -0.156302 0.061319 -0.057086
1614647294.532209 5.143054 -4.254025 0.648505 0.988361 -0.128877 0.056469 -0.057829
1614647294.632415 5.152307 -4.153170 0.652919 0.990869 -0.105215 0.052299 -0.066132
1614647294.732368 5.156993 -4.057913 0.659976 0.994190 -0.081871 0.048755 -0.050062
1614647294.832404 5.158927 -3.965192 0.657263 0.996214 -0.057240 0.043555 -0.048822
1614647294.932144 5.159955 -3.867159 0.643384 0.996881 -0.034524 0.038984 -0.059307
1614647295.031732 5.164466 -3.761623 0.636408 0.996985 -0.016914 0.035763 -0.066754
1614647295.131681 5.172902 -3.658476 0.645442 0.996727 0.000902 0.037174 -0.071778
1614647295.231309 5.184111 -3.558984 0.663594 0.996169 0.026136 0.034600 -0.075941
1614647295.331452 5.188730 -3.461637 0.681875 0.996064 0.047006 0.038199 -0.064710
1614647295.431722 5.189745 -3.364471 0.689233 0.995875 0.056335 0.038129 -0.060050
1614647295.531778 5.190190 -3.260542 0.683260 0.994672 0.073296 0.035945 -0.062958
1614647295.632043 5.188005 -3.151002 0.677095 0.993372 0.088480 0.034310 -0.064861
1614647295.731741 5.186981 -3.042139 0.681016 0.991975 0.100421 0.037103 -0.067260
1614647295.831925 5.185186 -2.933109 0.693421 0.991441 0.109092 0.040275 -0.059347
1614647295.932115 5.183842 -2.830785 0.704280 0.991831 0.113462 0.044038 -0.038188
1614647296.031782 5.184508 -2.730882 0.700348 0.991351 0.120362 0.036549 -0.037426
1614647296.131534 5.185202 -2.623426 0.684889 0.988955 0.136517 0.033566 -0.046951
1614647296.231126 5.186311 -2.506194 0.676878 0.985368 0.158016 0.042798 -0.047429
1614647296.331648 5.186415 -2.396855 0.678165 0.983908 0.164638 0.041823 -0.055403
1614647296.431279 5.183933 -2.291248 0.688870 0.980837 0.184318 0.035804 -0.052003
1614647296.531459 5.173281 -2.191036 0.701171 0.977744 0.202370 0.040460 -0.037770
1614647296.631600 5.160148 -2.092649 0.702259 0.975551 0.214033 0.036854 -0.033636
1614647296.731907 5.140013 -1.990571 0.694539 0.972589 0.225458 0.033226 -0.046214
1614647296.832258 5.114217 -1.886559 0.690235 0.972273 0.227190 0.028126 -0.047740
1614647296.932432 5.091090 -1.784989 0.694109 0.971611 0.228080 0.029209 -0.055654
1614647297.032528 5.069478 -1.682692 0.707301 0.971432 0.229885 0.033701 -0.048347
1614647297.131910 5.050994 -1.580737 0.714481 0.972192 0.230031 0.028175 -0.033677
1614647297.231462 5.035017 -1.472527 0.709555 0.970134 0.240017 0.022827 -0.026659
1614647297.330960 5.017382 -1.353600 0.695207 0.965171 0.259746 0.019002 -0.024810
1614647297.430740 4.994431 -1.228934 0.689266 0.958294 0.282191 0.032130 -0.031748
1614647297.531026 4.973461 -1.113080 0.689364 0.954233 0.294945 0.026076 -0.042023
1614647297.630976 4.948082 -1.002980 0.700119 0.948883 0.312352 0.030605 -0.033475
1614647297.731646 4.913430 -0.899985 0.707227 0.940357 0.336493 0.042855 -0.025785
1614647297.831827 4.874438 -0.805573 0.702347 0.936924 0.346092 0.038845 -0.029732
1614647297.932139 4.827505 -0.708405 0.688837 0.930815 0.361963 0.031107 -0.039973
1614647298.032414 4.770552 -0.611855 0.680941 0.927169 0.370439 0.026275 -0.049425
1614647298.132430 4.710633 -0.520671 0.682036 0.923631 0.377750 0.022965 -0.060684
1614647298.234044 4.646055 -0.430264 0.691510 0.918142 0.391407 0.023993 -0.056916
1614647298.332176 4.585029 -0.348878 0.701053 0.915378 0.399504 0.030553 -0.039325
1614647298.431772 4.523776 -0.266955 0.696132 0.910969 0.409829 0.025456 -0.039092
1614647298.531542 4.455724 -0.177165 0.684078 0.905667 0.421457 0.018573 -0.042373
1614647298.631365 4.381325 -0.081966 0.678727 0.897891 0.437330 0.013591 -0.048464
1614647298.731031 4.308489 0.009811 0.682505 0.887923 0.457569 0.007786 -0.046507
1614647298.831247 4.232149 0.094795 0.692507 0.873123 0.485595 0.010420 -0.041766
1614647298.931441 4.151186 0.167848 0.701434 0.862150 0.504574 0.025238 -0.038285
1614647299.031673 4.067267 0.237787 0.697362 0.854327 0.518179 0.027190 -0.029601
1614647299.132230 3.974846 0.305299 0.680466 0.843275 0.536192 0.017154 -0.033013
1614647299.232171 3.874525 0.367979 0.670111 0.833056 0.551497 0.022085 -0.037147
1614647299.332365 3.776927 0.424383 0.669105 0.824939 0.563665 0.027933 -0.031264
1614647299.432439 3.680816 0.475206 0.672655 0.818123 0.573751 0.031484 -0.022223
1614647299.532642 3.587658 0.520471 0.672639 0.814797 0.578637 0.035147 -0.007070
1614647299.634720 3.491781 0.565789 0.658133 0.815383 0.578385 0.021296 -0.012928
1614647299.732265 3.389479 0.613147 0.641886 0.809905 0.586111 0.016472 -0.016053
1614647299.831801 3.285900 0.659923 0.636738 0.801036 0.598041 0.015860 -0.020897
1614647299.930913 3.186987 0.705640 0.642862 0.780876 0.623880 0.015705 -0.027561
1614647300.032588 3.085262 0.742947 0.653081 0.763438 0.645034 0.018148 -0.027645
1614647300.131351 2.988842 0.766537 0.661242 0.755207 0.654412 0.024281 -0.028610
1614647300.231911 2.888482 0.787405 0.656957 0.745105 0.666078 0.007264 -0.033253
1614647300.334151 2.779893 0.797937 0.651506 0.740869 0.671008 0.000767 -0.029336
1614647300.432983 2.675734 0.804531 0.652179 0.734731 0.677441 -0.011562 -0.033324
1614647300.533812 2.570263 0.807985 0.662329 0.730749 0.681168 -0.022127 -0.039071
1614647300.632607 2.466774 0.807260 0.677840 0.727402 0.685393 -0.018669 -0.027828
1614647300.732202 2.366173 0.806460 0.690636 0.721245 0.692307 -0.014482 -0.017530
1614647300.832266 2.262283 0.805467 0.685074 0.716978 0.696311 -0.024081 -0.022687
1614647300.932511 2.154451 0.801673 0.674528 0.723229 0.689095 -0.035770 -0.028448
1614647301.032662 2.047214 0.796957 0.672276 0.727389 0.684406 -0.044573 -0.022517
1614647301.131700 1.943079 0.794025 0.680541 0.719012 0.693741 -0.040374 -0.010715
1614647301.231512 1.845035 0.784049 0.687351 0.711746 0.701757 -0.028503 -0.011916
1614647301.332005 1.751698 0.766843 0.682682 0.716407 0.697067 -0.027117 -0.011130
1614647301.431981 1.657695 0.744669 0.662807 0.719771 0.693076 -0.037492 -0.013010
1614647301.532086 1.558949 0.714825 0.642111 0.723827 0.688181 -0.046962 -0.016631
1614647301.632649 1.463565 0.683512 0.631128 0.731827 0.678449 -0.059114 -0.025321
1614647301.732426 1.370719 0.652510 0.635141 0.737331 0.672208 -0.057285 -0.034612
1614647301.832102 1.279243 0.622940 0.641794 0.738381 0.672204 -0.048056 -0.024999
1614647301.932255 1.189650 0.588567 0.640284 0.743144 0.666625 -0.050285 -0.028640
1614647302.033743 1.091561 0.557389 0.625359 0.742955 0.665463 -0.066060 -0.028512
1614647302.132056 0.987399 0.525532 0.608908 0.745561 0.660235 -0.086220 -0.028180
1614647302.231752 0.880396 0.491108 0.604692 0.747067 0.656242 -0.101725 -0.029823
1614647302.332153 0.784957 0.457500 0.619526 0.754259 0.648288 -0.096131 -0.039686
1614647302.432384 0.702844 0.435107 0.637398 0.764558 0.638190 -0.084063 -0.033134
1614647302.532406 0.633001 0.415777 0.647656 0.778760 0.622185 -0.077072 -0.021878
1614647302.632910 0.567702 0.390928 0.644914 0.799408 0.596679 -0.067374 -0.019533
1614647302.733674 0.506861 0.366110 0.636027 0.833677 0.549006 -0.058959 -0.009912
1614647302.833299 0.447654 0.345164 0.617606 0.862654 0.502372 -0.057529 -0.011921
1614647302.933191 0.395461 0.322294 0.597145 0.894667 0.443492 -0.050218 -0.019065
1614647303.033172 0.355241 0.302890 0.576316 0.919593 0.391269 -0.026679 -0.023366
1614647303.130340 0.327211 0.292991 0.547237 0.926731 0.374352 -0.014379 -0.028705
1614647303.229224 0.308821 0.282979 0.514981 0.931412 0.362938 0.001101 -0.027335
1614647303.328350 0.298818 0.273832 0.474368 0.928348 0.370463 0.022564 -0.020426
1614647303.428904 0.298597 0.260585 0.418158 0.931541 0.363176 0.014793 -0.010798
1614647303.530518 0.293182 0.246338 0.361469 0.939768 0.341722 -0.002661 0.007388
1614647303.631779 0.284926 0.231954 0.311181 0.947393 0.319768 -0.010453 0.009276
1614647303.734334 0.277997 0.218393 0.263362 0.954040 0.298407 -0.027299 0.003967
1614647303.833628 0.272413 0.195381 0.227926 0.965385 0.258451 -0.034494 -0.006745
1614647303.933407 0.269198 0.165178 0.202325 0.973739 0.224858 -0.032749 -0.014102
1614647304.032572 0.260761 0.127363 0.190984 0.978900 0.202767 -0.018289 -0.017503
1614647304.131751 0.245491 0.090700 0.189584 0.982087 0.185638 -0.022088 -0.023555
1614647304.230762 0.225957 0.055419 0.180705 0.982469 0.176517 -0.036312 -0.047738
1614647304.329689 0.203567 0.027971 0.178869 0.979749 0.184906 -0.028875 -0.071193
1614647304.429848 0.180909 0.004110 0.171801 0.977008 0.186152 -0.034123 -0.098176
1614647304.530324 0.157062 -0.019402 0.161010 0.976671 0.187143 -0.047092 -0.094197
1614647304.631501 0.132047 -0.051287 0.145443 0.982315 0.156108 -0.055428 -0.087269
1614647304.732024 0.113824 -0.074832 0.127926 0.984730 0.139767 -0.061777 -0.083396
1614647304.831752 0.102818 -0.087251 0.110352 0.982772 0.146046 -0.063007 -0.094125
1614647304.931809 0.091958 -0.096529 0.096746 0.982985 0.141146 -0.054696 -0.104055
1614647305.031959 0.081970 -0.104948 0.092860 0.987576 0.120475 -0.029467 -0.096494
1614647305.132433 0.073470 -0.118679 0.087964 0.991974 0.087961 -0.009119 -0.090375
1614647305.232216 0.071480 -0.129349 0.079048 0.994609 0.064147 0.002109 -0.081446
1614647305.331767 0.072043 -0.133499 0.067508 0.994801 0.057459 0.006038 -0.083868
1614647305.431373 0.072532 -0.134959 0.063701 0.994317 0.048465 -0.002091 -0.094771
1614647305.530942 0.072438 -0.135133 0.058787 0.996534 0.039261 0.006966 -0.073002
1614647305.630891 0.073471 -0.129506 0.056587 0.998508 0.033488 0.018168 -0.039108
1614647305.730880 0.075178 -0.123014 0.053486 0.999087 0.028183 0.018511 -0.026220
1614647305.830923 0.194781 -0.121342 0.059376 0.998656 0.033260 0.026174 -0.029929
1614647305.931101 0.182158 -0.090315 -0.010806 0.998503 0.035969 0.024264 -0.033303
1614647306.031637 0.137011 -0.069908 -0.094887 0.998855 0.031377 0.009057 -0.034963
1614647306.132059 0.114334 -0.061854 -0.129200 0.998676 0.029924 0.012134 -0.040038
1614647306.233801 0.086895 -0.064346 -0.118325 0.998773 0.027373 0.008766 -0.040326
1614647306.332160 0.055496 -0.079137 -0.070897 0.999100 0.023750 0.007263 -0.034376
1614647306.431813 0.059460 -0.084116 -0.036545 0.999114 0.022918 0.003473 -0.035138
1614647306.531778 0.068303 -0.099834 -0.017160 0.998957 0.023205 0.003117 -0.039191
1614647306.631658 0.089299 -0.108462 -0.003766 0.998878 0.023517 0.004552 -0.040864
1614647306.731370 0.108438 -0.109168 -0.001216 0.998964 0.022985 0.002792 -0.039165
1614647307.231957 0.076957 -0.109501 -0.004514 0.998959 0.022591 0.003527 -0.039470
1614647307.831527 0.084232 -0.093843 0.004824 0.998974 0.022199 0.003063 -0.039365
1614647308.331661 0.071080 -0.106936 -0.001542 0.998978 0.022251 0.003398 -0.039196
1614647308.833473 0.079858 -0.102895 -0.000555 0.998991 0.022032 0.003526 -0.038971
1614647309.431672 0.088118 -0.113697 -0.006923 0.999001 0.021977 0.003572 -0.038747
1614647309.931783 0.069169 -0.099419 -0.005754 0.999005 0.022020 0.003615 -0.038607
1614647310.531611 0.067517 -0.115457 -0.003283 0.999023 0.021823 0.003728 -0.038242
1614647311.031851 0.074776 -0.104491 0.001299 0.999023 0.021925 0.003558 -0.038194
1614647311.631703 0.070299 -0.095934 0.002829 0.999019 0.021811 0.003561 -0.038374
1614647312.131722 0.072983 -0.116475 -0.000788 0.999018 0.021823 0.003606 -0.038377
